150 150
35 22
1 1
1 1 1 3 1 7 1 9 1 10 
1 12 1 13 1 14 1 19 1 20 
1 21 1 23 1 25 1 27 1 30 
1 32 1 33 1 35 1 36 1 41 
1 45 1 47 1 50 1 51 1 52 
1 53 1 55 1 58 1 60 1 61 
1 63 1 64 1 65 1 74 1 75 
1 77 1 79 1 80 1 81 1 83 
1 91 1 94 1 99 1 101 1 102 
1 104 1 105 1 106 1 112 1 115 
1 116 1 117 1 120 1 121 1 122 
1 124 1 126 1 127 1 128 1 130 
1 131 1 132 1 135 1 137 1 139 
1 143 1 146 1 147 1 148 1 150 
2 3 2 5 2 9 2 10 2 11 
2 12 2 15 2 16 2 17 2 18 
2 20 2 23 2 24 2 26 2 27 
2 31 2 35 2 36 2 42 2 46 
2 47 2 48 2 50 2 54 2 55 
2 57 2 59 2 61 2 63 2 64 
2 68 2 72 2 86 2 88 2 89 
2 91 2 92 2 95 2 96 2 97 
2 98 2 103 2 104 2 106 2 111 
2 114 2 115 2 116 2 117 2 118 
2 125 2 127 2 128 2 129 2 137 
2 143 2 144 2 145 2 147 2 148 
3 1 3 2 3 5 3 6 3 8 
3 11 3 12 3 13 3 14 3 16 
3 23 3 26 3 29 3 32 3 33 
3 38 3 41 3 42 3 43 3 44 
3 45 3 46 3 48 3 50 3 51 
3 54 3 55 3 57 3 58 3 64 
3 68 3 69 3 75 3 77 3 78 
3 79 3 80 3 82 3 84 3 86 
3 88 3 90 3 95 3 96 3 97 
3 100 3 105 3 115 3 119 3 120 
3 123 3 124 3 126 3 129 3 131 
3 132 3 133 3 134 3 136 3 137 
3 138 3 144 3 145 3 146 4 2 
4 6 4 8 4 9 4 11 4 12 
4 16 4 19 4 20 4 21 4 22 
4 26 4 32 4 38 4 39 4 40 
4 43 4 44 4 45 4 46 4 47 
4 49 4 57 4 58 4 59 4 60 
4 61 4 65 4 66 4 67 4 69 
4 70 4 72 4 73 4 74 4 78 
4 81 4 82 4 83 4 85 4 87 
4 91 4 93 4 94 4 97 4 98 
4 101 4 103 4 104 4 105 4 109 
4 110 4 111 4 116 4 118 4 122 
4 123 4 124 4 126 4 128 4 129 
4 130 4 131 4 132 4 133 4 134 
4 135 4 136 4 137 4 139 4 140 
4 143 4 145 4 147 4 148 5 1 
5 5 5 6 5 7 5 11 5 13 
5 15 5 16 5 17 5 18 5 19 
5 21 5 24 5 25 5 27 5 29 
5 31 5 33 5 38 5 39 5 40 
5 41 5 42 5 45 5 46 5 47 
5 48 5 49 5 51 5 52 5 53 
5 54 5 60 5 61 5 64 5 66 
5 68 5 69 5 70 5 71 5 72 
5 77 5 78 5 80 5 81 5 83 
5 85 5 86 5 95 5 96 5 97 
5 98 5 99 5 100 5 105 5 106 
5 107 5 113 5 116 5 117 5 118 
5 120 5 121 5 123 5 128 5 129 
5 130 5 131 5 132 5 133 5 135 
5 137 5 145 5 146 5 148 5 150 
6 1 6 2 6 5 6 7 6 11 
6 15 6 16 6 17 6 19 6 21 
6 22 6 24 6 26 6 28 6 29 
6 31 6 32 6 33 6 39 6 41 
6 43 6 45 6 47 6 48 6 49 
6 51 6 52 6 55 6 56 6 59 
6 64 6 70 6 73 6 74 6 75 
6 76 6 82 6 86 6 87 6 89 
6 91 6 96 6 97 6 100 6 101 
6 102 6 104 6 105 6 107 6 108 
6 111 6 116 6 117 6 119 6 121 
6 123 6 124 6 125 6 126 6 129 
6 130 6 132 6 133 6 138 6 139 
6 141 6 145 6 148 6 149 7 1 
7 4 7 5 7 7 7 8 7 10 
7 11 7 16 7 17 7 18 7 20 
7 21 7 22 7 23 7 24 7 25 
7 29 7 31 7 32 7 35 7 36 
7 37 7 40 7 43 7 44 7 47 
7 48 7 50 7 51 7 52 7 55 
7 57 7 58 7 59 7 60 7 61 
7 63 7 65 7 66 7 69 7 70 
7 71 7 72 7 73 7 75 7 76 
7 78 7 79 7 81 7 83 7 85 
7 87 7 89 7 93 7 99 7 100 
7 103 7 106 7 107 7 108 7 112 
7 113 7 116 7 117 7 118 7 119 
7 121 7 122 7 124 7 126 7 130 
7 131 7 133 7 134 7 135 7 138 
7 139 7 146 7 147 8 5 8 6 
8 8 8 9 8 10 8 13 8 15 
8 21 8 22 8 24 8 28 8 29 
8 32 8 35 8 40 8 44 8 45 
8 48 8 50 8 53 8 55 8 58 
8 59 8 62 8 64 8 65 8 66 
8 69 8 72 8 73 8 75 8 77 
8 78 8 81 8 85 8 86 8 88 
8 95 8 98 8 103 8 104 8 105 
8 106 8 109 8 113 8 115 8 117 
8 118 8 123 8 126 8 128 8 129 
8 130 8 131 8 132 8 134 8 136 
8 139 8 140 8 141 8 142 8 143 
8 144 8 146 8 148 8 149 9 1 
9 2 9 3 9 4 9 8 9 9 
9 11 9 14 9 15 9 16 9 17 
9 18 9 20 9 21 9 22 9 23 
9 24 9 25 9 27 9 29 9 31 
9 32 9 33 9 36 9 40 9 44 
9 49 9 50 9 55 9 56 9 57 
9 59 9 60 9 61 9 62 9 63 
9 64 9 65 9 66 9 67 9 68 
9 71 9 73 9 74 9 76 9 77 
9 79 9 80 9 82 9 85 9 87 
9 90 9 91 9 93 9 96 9 100 
9 103 9 104 9 106 9 110 9 113 
9 114 9 117 9 118 9 119 9 121 
9 122 9 123 9 125 9 126 9 127 
9 129 9 131 9 133 9 137 9 140 
9 142 9 145 9 147 9 150 10 1 
10 2 10 5 10 10 10 12 10 13 
10 14 10 17 10 21 10 23 10 25 
10 26 10 27 10 29 10 31 10 34 
10 35 10 38 10 39 10 41 10 43 
10 45 10 46 10 47 10 48 10 49 
10 51 10 52 10 53 10 55 10 57 
10 58 10 59 10 60 10 62 10 65 
10 67 10 72 10 73 10 77 10 78 
10 81 10 82 10 84 10 86 10 91 
10 92 10 93 10 94 10 98 10 99 
10 100 10 101 10 102 10 106 10 107 
10 108 10 109 10 112 10 114 10 116 
10 117 10 119 10 121 10 123 10 126 
10 129 10 130 10 132 10 135 10 136 
10 138 10 140 10 141 10 142 10 143 
10 144 10 145 10 148 11 2 11 3 
11 5 11 9 11 11 11 14 11 15 
11 18 11 19 11 20 11 21 11 22 
11 24 11 25 11 27 11 29 11 30 
11 31 11 33 11 36 11 37 11 38 
11 39 11 40 11 41 11 44 11 46 
11 47 11 48 11 59 11 60 11 61 
11 62 11 63 11 64 11 65 11 66 
11 68 11 71 11 72 11 78 11 81 
11 84 11 85 11 87 11 88 11 89 
11 90 11 93 11 94 11 95 11 96 
11 99 11 100 11 101 11 102 11 103 
11 104 11 105 11 107 11 108 11 109 
11 110 11 115 11 116 11 117 11 120 
11 122 11 124 11 125 11 126 11 128 
11 129 11 132 11 133 11 134 11 135 
11 137 11 142 11 144 11 145 11 147 
11 149 12 2 12 4 12 5 12 6 
12 7 12 8 12 11 12 12 12 14 
12 19 12 20 12 22 12 23 12 26 
12 27 12 28 12 33 12 36 12 37 
12 38 12 39 12 40 12 41 12 42 
12 45 12 46 12 47 12 48 12 51 
12 52 12 53 12 54 12 55 12 57 
12 58 12 59 12 60 12 61 12 62 
12 65 12 66 12 67 12 69 12 73 
12 74 12 75 12 76 12 77 12 78 
12 80 12 81 12 84 12 85 12 89 
12 90 12 92 12 95 12 98 12 99 
12 100 12 102 12 106 12 107 12 108 
12 111 12 115 12 116 12 118 12 119 
12 120 12 124 12 125 12 126 12 130 
12 134 12 135 12 139 12 141 12 144 
12 145 12 146 12 149 12 150 13 1 
13 2 13 3 13 4 13 5 13 6 
13 7 13 11 13 14 13 15 13 16 
13 18 13 19 13 20 13 21 13 24 
13 29 13 30 13 31 13 37 13 38 
13 39 13 40 13 42 13 43 13 45 
13 47 13 51 13 52 13 53 13 54 
13 55 13 56 13 57 13 58 13 60 
13 61 13 65 13 67 13 68 13 70 
13 71 13 72 13 74 13 77 13 78 
13 79 13 81 13 87 13 88 13 89 
13 90 13 91 13 93 13 96 13 97 
13 98 13 99 13 103 13 108 13 109 
13 110 13 111 13 114 13 116 13 117 
13 118 13 119 13 121 13 123 13 125 
13 126 13 127 13 128 13 130 13 132 
13 136 13 139 13 143 13 145 13 147 
13 148 13 149 13 150 14 1 14 2 
14 5 14 6 14 8 14 9 14 10 
14 11 14 14 14 15 14 20 14 23 
14 27 14 29 14 30 14 33 14 34 
14 36 14 37 14 39 14 40 14 41 
14 42 14 43 14 44 14 49 14 52 
14 54 14 57 14 58 14 59 14 60 
14 61 14 64 14 65 14 68 14 71 
14 72 14 78 14 79 14 80 14 81 
14 83 14 85 14 91 14 94 14 95 
14 97 14 99 14 100 14 104 14 108 
14 109 14 112 14 113 14 114 14 116 
14 117 14 118 14 119 14 120 14 121 
14 122 14 124 14 126 14 127 14 128 
14 129 14 131 14 133 14 134 14 136 
14 137 14 138 14 141 14 142 14 148 
14 149 14 150 15 3 15 4 15 5 
15 7 15 10 15 11 15 17 15 18 
15 21 15 22 15 24 15 26 15 29 
15 31 15 34 15 37 15 38 15 40 
15 42 15 43 15 44 15 45 15 47 
15 49 15 51 15 55 15 56 15 57 
15 59 15 62 15 63 15 64 15 65 
15 66 15 68 15 70 15 71 15 73 
15 74 15 75 15 77 15 79 15 80 
15 84 15 85 15 86 15 88 15 91 
15 95 15 96 15 99 15 104 15 105 
15 107 15 109 15 113 15 116 15 118 
15 119 15 120 15 121 15 122 15 123 
15 124 15 125 15 126 15 128 15 129 
15 130 15 134 15 135 15 136 15 137 
15 144 15 145 15 147 15 148 15 149 
16 1 16 5 16 7 16 9 16 11 
16 15 16 17 16 18 16 20 16 21 
16 27 16 28 16 30 16 31 16 32 
16 33 16 36 16 37 16 39 16 40 
16 43 16 44 16 45 16 47 16 49 
16 50 16 51 16 52 16 54 16 55 
16 56 16 59 16 60 16 61 16 64 
16 72 16 73 16 75 16 77 16 78 
16 79 16 80 16 81 16 82 16 85 
16 86 16 88 16 91 16 94 16 97 
16 98 16 100 16 101 16 102 16 106 
16 108 16 110 16 112 16 113 16 115 
16 117 16 118 16 120 16 121 16 126 
16 129 16 131 16 136 16 139 16 141 
16 142 16 144 16 145 16 147 16 148 
16 150 17 2 17 3 17 5 17 7 
17 8 17 9 17 11 17 13 17 15 
17 17 17 18 17 22 17 24 17 29 
17 30 17 36 17 37 17 39 17 41 
17 42 17 45 17 46 17 47 17 54 
17 55 17 57 17 59 17 61 17 62 
17 64 17 67 17 68 17 70 17 71 
17 72 17 74 17 75 17 76 17 81 
17 84 17 87 17 88 17 89 17 91 
17 94 17 98 17 100 17 105 17 106 
17 108 17 110 17 112 17 114 17 119 
17 120 17 123 17 125 17 133 17 134 
17 135 17 137 17 138 17 139 17 140 
17 142 17 143 17 146 17 147 17 150 
18 1 18 2 18 3 18 7 18 8 
18 9 18 10 18 13 18 14 18 15 
18 18 18 19 18 20 18 23 18 28 
18 29 18 30 18 31 18 32 18 33 
18 35 18 37 18 38 18 40 18 41 
18 43 18 44 18 45 18 46 18 48 
18 49 18 50 18 52 18 54 18 59 
18 60 18 66 18 67 18 69 18 72 
18 73 18 74 18 77 18 78 18 82 
18 84 18 86 18 87 18 89 18 91 
18 93 18 101 18 104 18 105 18 106 
18 108 18 109 18 111 18 113 18 115 
18 116 18 118 18 121 18 122 18 123 
18 125 18 127 18 128 18 129 18 133 
18 134 18 135 18 137 18 138 18 139 
18 143 18 145 18 148 19 2 19 4 
19 8 19 9 19 11 19 13 19 15 
19 18 19 21 19 22 19 25 19 28 
19 32 19 34 19 35 19 36 19 42 
19 43 19 44 19 46 19 49 19 52 
19 53 19 55 19 58 19 63 19 64 
19 66 19 67 19 68 19 69 19 71 
19 74 19 78 19 81 19 83 19 86 
19 89 19 90 19 91 19 92 19 95 
19 97 19 98 19 99 19 102 19 103 
19 105 19 106 19 107 19 109 19 110 
19 111 19 112 19 114 19 117 19 119 
19 120 19 124 19 126 19 128 19 130 
19 132 19 134 19 136 19 137 19 138 
19 139 19 144 19 145 19 146 19 148 
19 149 19 150 20 3 20 5 20 6 
20 8 20 9 20 10 20 11 20 12 
20 13 20 14 20 15 20 16 20 18 
20 20 20 21 20 25 20 26 20 27 
20 32 20 34 20 35 20 36 20 41 
20 42 20 43 20 44 20 45 20 46 
20 48 20 49 20 50 20 54 20 55 
20 56 20 58 20 60 20 61 20 62 
20 65 20 67 20 68 20 70 20 72 
20 75 20 77 20 78 20 81 20 83 
20 84 20 85 20 86 20 91 20 94 
20 97 20 100 20 102 20 103 20 104 
20 106 20 107 20 111 20 114 20 115 
20 117 20 126 20 127 20 128 20 129 
20 130 20 132 20 134 20 137 20 138 
20 144 20 145 20 146 20 150 21 1 
21 2 21 8 21 9 21 10 21 11 
21 13 21 16 21 18 21 19 21 23 
21 24 21 26 21 27 21 29 21 30 
21 32 21 36 21 39 21 40 21 41 
21 45 21 46 21 47 21 49 21 52 
21 54 21 57 21 60 21 61 21 62 
21 64 21 65 21 66 21 68 21 70 
21 71 21 79 21 80 21 82 21 84 
21 85 21 86 21 87 21 90 21 93 
21 95 21 97 21 99 21 100 21 101 
21 107 21 108 21 110 21 112 21 113 
21 115 21 116 21 117 21 125 21 129 
21 130 21 131 21 132 21 137 21 141 
21 142 21 143 21 144 21 145 21 146 
21 147 21 149 21 150 22 2 22 3 
22 4 22 6 22 7 22 8 22 9 
22 11 22 15 22 18 22 20 22 21 
22 23 22 24 22 27 22 30 22 31 
22 33 22 34 22 36 22 42 22 44 
22 45 22 47 22 49 22 52 22 53 
22 54 22 56 22 57 22 58 22 59 
22 60 22 62 22 65 22 67 22 71 
22 72 22 73 22 74 22 76 22 79 
22 80 22 81 22 84 22 87 22 89 
22 90 22 92 22 93 22 95 22 97 
22 99 22 100 22 101 22 104 22 110 
22 111 22 112 22 115 22 118 22 119 
22 122 22 126 22 127 22 131 22 132 
22 134 22 136 22 137 22 138 22 139 
22 140 22 141 22 143 22 146 22 147 
23 1 23 2 23 4 23 6 23 10 
23 13 23 15 23 16 23 18 23 20 
23 22 23 23 23 33 23 34 23 37 
23 38 23 43 23 46 23 48 23 50 
23 53 23 55 23 57 23 58 23 60 
23 61 23 65 23 67 23 68 23 69 
23 72 23 73 23 75 23 79 23 81 
23 82 23 87 23 88 23 89 23 90 
23 92 23 93 23 95 23 99 23 100 
23 101 23 105 23 108 23 111 23 112 
23 114 23 117 23 118 23 120 23 121 
23 123 23 124 23 126 23 127 23 129 
23 130 23 132 23 134 23 135 23 139 
23 140 23 141 23 142 23 143 23 145 
23 150 24 2 24 3 24 5 24 7 
24 8 24 10 24 11 24 16 24 17 
24 18 24 19 24 20 24 21 24 22 
24 23 24 24 24 25 24 26 24 27 
24 29 24 30 24 31 24 32 24 33 
24 35 24 37 24 38 24 39 24 41 
24 42 24 44 24 46 24 48 24 51 
24 52 24 54 24 55 24 57 24 59 
24 61 24 63 24 64 24 66 24 69 
24 70 24 74 24 76 24 79 24 80 
24 81 24 82 24 83 24 84 24 89 
24 90 24 91 24 95 24 96 24 97 
24 98 24 99 24 101 24 102 24 103 
24 104 24 107 24 108 24 111 24 112 
24 114 24 115 24 116 24 118 24 120 
24 122 24 123 24 124 24 125 24 130 
24 134 24 135 24 137 24 138 24 139 
24 140 24 141 24 144 24 147 24 150 
25 2 25 6 25 15 25 19 25 20 
25 22 25 23 25 24 25 25 25 26 
25 27 25 28 25 30 25 32 25 33 
25 34 25 35 25 36 25 37 25 39 
25 40 25 41 25 43 25 48 25 49 
25 50 25 51 25 52 25 54 25 55 
25 57 25 58 25 59 25 60 25 61 
25 63 25 65 25 66 25 69 25 70 
25 71 25 72 25 74 25 75 25 80 
25 81 25 83 25 85 25 86 25 87 
25 89 25 90 25 91 25 92 25 93 
25 95 25 96 25 97 25 98 25 99 
25 100 25 104 25 106 25 107 25 108 
25 109 25 110 25 112 25 114 25 117 
25 119 25 122 25 123 25 125 25 126 
25 127 25 129 25 130 25 131 25 133 
25 135 25 136 25 138 25 143 25 149 
26 2 26 4 26 7 26 9 26 12 
26 13 26 14 26 15 26 20 26 23 
26 24 26 25 26 26 26 28 26 29 
26 32 26 35 26 39 26 40 26 41 
26 43 26 44 26 46 26 49 26 50 
26 53 26 56 26 57 26 58 26 59 
26 63 26 64 26 66 26 69 26 72 
26 74 26 76 26 78 26 79 26 80 
26 81 26 82 26 85 26 86 26 89 
26 90 26 93 26 94 26 98 26 100 
26 103 26 104 26 108 26 109 26 114 
26 116 26 121 26 122 26 123 26 124 
26 127 26 130 26 131 26 132 26 133 
26 134 26 137 26 139 26 140 26 141 
26 145 26 146 26 148 27 1 27 8 
27 9 27 10 27 11 27 18 27 23 
27 31 27 32 27 33 27 36 27 37 
27 38 27 39 27 41 27 42 27 43 
27 44 27 47 27 48 27 49 27 51 
27 52 27 56 27 59 27 60 27 62 
27 63 27 65 27 66 27 67 27 68 
27 69 27 70 27 71 27 76 27 77 
27 78 27 79 27 85 27 86 27 87 
27 90 27 91 27 92 27 94 27 98 
27 99 27 100 27 103 27 104 27 106 
27 107 27 108 27 109 27 111 27 114 
27 116 27 118 27 121 27 122 27 125 
27 130 27 131 27 135 27 139 27 140 
27 141 27 142 27 143 27 145 27 147 
27 148 28 2 28 8 28 10 28 12 
28 14 28 15 28 19 28 23 28 25 
28 28 28 30 28 31 28 33 28 38 
28 41 28 44 28 48 28 51 28 54 
28 55 28 56 28 58 28 60 28 61 
28 64 28 65 28 66 28 68 28 70 
28 71 28 72 28 73 28 75 28 76 
28 77 28 79 28 80 28 81 28 82 
28 83 28 84 28 85 28 86 28 87 
28 90 28 92 28 94 28 97 28 98 
28 100 28 102 28 106 28 108 28 110 
28 112 28 115 28 117 28 118 28 120 
28 121 28 124 28 127 28 128 28 129 
28 133 28 134 28 135 28 136 28 137 
28 139 28 140 28 141 28 142 28 143 
28 144 28 145 28 147 28 148 28 149 
29 7 29 11 29 12 29 13 29 15 
29 20 29 22 29 24 29 25 29 26 
29 27 29 28 29 30 29 32 29 34 
29 35 29 37 29 40 29 41 29 42 
29 43 29 44 29 46 29 47 29 48 
29 49 29 50 29 51 29 52 29 57 
29 58 29 64 29 65 29 71 29 73 
29 76 29 79 29 80 29 81 29 82 
29 85 29 87 29 90 29 92 29 93 
29 94 29 95 29 100 29 101 29 104 
29 105 29 106 29 107 29 109 29 110 
29 111 29 112 29 117 29 118 29 119 
29 120 29 122 29 124 29 125 29 127 
29 128 29 129 29 130 29 132 29 133 
29 134 29 136 29 137 29 141 29 148 
29 150 30 1 30 3 30 4 30 7 
30 9 30 12 30 13 30 14 30 15 
30 17 30 18 30 20 30 21 30 24 
30 26 30 28 30 31 30 33 30 34 
30 36 30 40 30 41 30 42 30 43 
30 47 30 49 30 52 30 58 30 59 
30 60 30 62 30 65 30 66 30 69 
30 73 30 74 30 78 30 81 30 82 
30 87 30 91 30 94 30 96 30 98 
30 99 30 101 30 103 30 104 30 105 
30 106 30 107 30 108 30 110 30 111 
30 113 30 115 30 116 30 118 30 122 
30 123 30 125 30 126 30 128 30 129 
30 132 30 134 30 135 30 136 30 137 
30 138 30 140 30 141 30 142 30 144 
30 145 30 147 30 148 31 3 31 5 
31 8 31 9 31 10 31 12 31 14 
31 15 31 16 31 17 31 21 31 22 
31 26 31 28 31 29 31 32 31 34 
31 35 31 36 31 38 31 40 31 41 
31 42 31 43 31 44 31 45 31 48 
31 49 31 50 31 51 31 54 31 55 
31 57 31 60 31 66 31 68 31 69 
31 70 31 74 31 75 31 76 31 80 
31 81 31 83 31 86 31 90 31 92 
31 95 31 99 31 100 31 102 31 103 
31 104 31 106 31 108 31 110 31 111 
31 112 31 114 31 118 31 119 31 122 
31 123 31 126 31 127 31 128 31 129 
31 132 31 134 31 137 31 138 31 141 
31 143 31 144 31 145 31 148 31 149 
31 150 32 1 32 3 32 4 32 7 
32 8 32 12 32 13 32 16 32 18 
32 19 32 20 32 21 32 24 32 25 
32 26 32 28 32 31 32 32 32 33 
32 37 32 38 32 39 32 40 32 41 
32 42 32 44 32 45 32 48 32 50 
32 52 32 54 32 56 32 57 32 59 
32 60 32 64 32 65 32 67 32 69 
32 72 32 79 32 85 32 87 32 91 
32 92 32 95 32 96 32 97 32 98 
32 99 32 100 32 101 32 102 32 103 
32 104 32 108 32 109 32 114 32 115 
32 119 32 120 32 124 32 125 32 127 
32 128 32 129 32 131 32 133 32 134 
32 135 32 136 32 142 32 143 32 145 
32 146 32 149 32 150 33 1 33 2 
33 3 33 7 33 8 33 14 33 15 
33 17 33 18 33 19 33 21 33 22 
33 23 33 25 33 26 33 27 33 28 
33 32 33 36 33 37 33 39 33 40 
33 41 33 44 33 50 33 51 33 55 
33 56 33 58 33 62 33 64 33 65 
33 66 33 67 33 68 33 70 33 71 
33 72 33 73 33 75 33 77 33 78 
33 82 33 84 33 85 33 86 33 88 
33 89 33 90 33 91 33 94 33 96 
33 102 33 103 33 104 33 106 33 109 
33 111 33 112 33 113 33 116 33 117 
33 121 33 126 33 127 33 129 33 130 
33 133 33 137 33 142 33 144 33 148 
33 149 33 150 34 2 34 4 34 5 
34 7 34 8 34 9 34 12 34 13 
34 16 34 18 34 19 34 21 34 22 
34 25 34 28 34 29 34 31 34 32 
34 33 34 35 34 36 34 37 34 38 
34 42 34 43 34 45 34 49 34 52 
34 53 34 58 34 59 34 60 34 62 
34 63 34 64 34 65 34 67 34 69 
34 70 34 73 34 74 34 77 34 78 
34 79 34 83 34 87 34 88 34 93 
34 94 34 96 34 100 34 101 34 102 
34 103 34 107 34 108 34 109 34 113 
34 114 34 115 34 116 34 118 34 120 
34 125 34 130 34 133 34 135 34 137 
34 138 34 140 34 142 34 143 34 148 
34 149 35 1 35 5 35 6 35 8 
35 9 35 11 35 14 35 15 35 19 
35 20 35 21 35 22 35 25 35 28 
35 31 35 36 35 41 35 42 35 45 
35 55 35 56 35 57 35 60 35 62 
35 66 35 73 35 74 35 78 35 81 
35 83 35 84 35 85 35 89 35 92 
35 93 35 94 35 96 35 98 35 101 
35 102 35 104 35 105 35 106 35 107 
35 111 35 112 35 114 35 119 35 122 
35 127 35 129 35 133 35 138 35 139 
35 140 35 141 35 142 35 144 35 147 
35 148 36 1 36 6 36 8 36 11 
36 15 36 16 36 19 36 23 36 25 
36 26 36 28 36 29 36 30 36 36 
36 39 36 43 36 45 36 46 36 49 
36 51 36 53 36 55 36 57 36 60 
36 62 36 66 36 67 36 68 36 71 
36 73 36 79 36 80 36 82 36 85 
36 88 36 90 36 91 36 94 36 95 
36 98 36 99 36 102 36 103 36 104 
36 105 36 106 36 111 36 113 36 114 
36 118 36 122 36 128 36 131 36 133 
36 137 36 138 36 141 36 146 36 147 
37 4 37 5 37 6 37 7 37 9 
37 10 37 14 37 16 37 19 37 23 
37 24 37 26 37 27 37 28 37 29 
37 31 37 32 37 33 37 34 37 38 
37 39 37 40 37 41 37 42 37 43 
37 44 37 46 37 48 37 50 37 51 
37 52 37 55 37 59 37 60 37 64 
37 65 37 66 37 67 37 74 37 75 
37 79 37 80 37 81 37 82 37 84 
37 85 37 89 37 91 37 93 37 94 
37 97 37 98 37 99 37 102 37 105 
37 108 37 109 37 110 37 112 37 113 
37 114 37 117 37 118 37 119 37 120 
37 121 37 122 37 123 37 124 37 125 
37 126 37 132 37 135 37 137 37 139 
37 140 37 141 37 143 37 145 37 146 
37 147 37 148 37 150 38 1 38 3 
38 4 38 5 38 7 38 9 38 13 
38 15 38 18 38 20 38 22 38 23 
38 27 38 33 38 34 38 37 38 38 
38 39 38 40 38 42 38 50 38 51 
38 54 38 55 38 61 38 70 38 74 
38 77 38 79 38 81 38 83 38 85 
38 86 38 89 38 91 38 93 38 94 
38 95 38 96 38 97 38 104 38 107 
38 109 38 110 38 111 38 113 38 114 
38 116 38 117 38 118 38 119 38 121 
38 122 38 128 38 129 38 131 38 133 
38 134 38 137 38 138 38 142 38 143 
38 147 38 149 38 150 39 2 39 9 
39 13 39 14 39 17 39 19 39 21 
39 24 39 25 39 27 39 30 39 31 
39 35 39 38 39 44 39 46 39 47 
39 48 39 49 39 50 39 53 39 56 
39 58 39 59 39 64 39 66 39 67 
39 70 39 72 39 74 39 75 39 76 
39 77 39 78 39 79 39 80 39 81 
39 82 39 84 39 86 39 87 39 88 
39 89 39 90 39 92 39 94 39 98 
39 102 39 103 39 104 39 108 39 109 
39 110 39 111 39 112 39 113 39 114 
39 116 39 117 39 118 39 119 39 127 
39 132 39 134 39 135 39 136 39 138 
39 139 39 140 39 141 39 142 39 144 
39 146 39 147 39 148 39 149 39 150 
40 2 40 4 40 5 40 6 40 7 
40 8 40 10 40 11 40 13 40 14 
40 18 40 19 40 26 40 27 40 28 
40 29 40 31 40 35 40 38 40 39 
40 41 40 42 40 44 40 49 40 50 
40 52 40 54 40 57 40 60 40 63 
40 65 40 66 40 67 40 68 40 69 
40 71 40 72 40 76 40 78 40 80 
40 83 40 86 40 87 40 89 40 92 
40 94 40 95 40 96 40 97 40 98 
40 102 40 104 40 109 40 110 40 112 
40 113 40 114 40 115 40 116 40 118 
40 121 40 124 40 128 40 131 40 135 
40 137 40 141 40 142 40 146 40 147 
40 150 41 2 41 4 41 6 41 8 
41 9 41 11 41 12 41 14 41 19 
41 22 41 26 41 28 41 29 41 31 
41 33 41 34 41 35 41 37 41 40 
41 41 41 42 41 43 41 44 41 45 
41 46 41 49 41 50 41 51 41 52 
41 53 41 60 41 62 41 63 41 64 
41 71 41 72 41 75 41 76 41 77 
41 78 41 82 41 83 41 86 41 88 
41 92 41 94 41 96 41 101 41 102 
41 105 41 106 41 107 41 109 41 110 
41 112 41 113 41 116 41 117 41 119 
41 121 41 122 41 129 41 130 41 131 
41 132 41 134 41 135 41 136 41 137 
41 140 41 141 41 142 41 144 41 149 
41 150 42 1 42 2 42 5 42 7 
42 13 42 14 42 20 42 22 42 24 
42 26 42 29 42 30 42 31 42 34 
42 36 42 37 42 39 42 40 42 41 
42 42 42 44 42 45 42 46 42 53 
42 54 42 55 42 56 42 58 42 63 
42 64 42 65 42 66 42 67 42 70 
42 71 42 72 42 73 42 74 42 75 
42 77 42 79 42 80 42 81 42 82 
42 84 42 86 42 91 42 92 42 93 
42 99 42 101 42 102 42 103 42 106 
42 107 42 109 42 110 42 111 42 112 
42 113 42 115 42 117 42 120 42 122 
42 123 42 124 42 125 42 127 42 129 
42 130 42 131 42 132 42 138 42 139 
42 140 42 141 42 142 42 144 42 146 
42 148 43 4 43 5 43 6 43 10 
43 11 43 15 43 16 43 17 43 24 
43 26 43 27 43 28 43 29 43 31 
43 32 43 35 43 36 43 37 43 40 
43 41 43 42 43 46 43 47 43 49 
43 53 43 55 43 57 43 59 43 60 
43 63 43 66 43 68 43 69 43 72 
43 73 43 75 43 78 43 79 43 84 
43 85 43 86 43 89 43 90 43 93 
43 94 43 95 43 97 43 98 43 99 
43 101 43 105 43 108 43 109 43 115 
43 119 43 124 43 126 43 127 43 128 
43 138 43 139 43 140 43 141 43 144 
43 150 44 4 44 5 44 7 44 9 
44 17 44 18 44 19 44 20 44 21 
44 23 44 24 44 25 44 27 44 29 
44 30 44 32 44 35 44 36 44 41 
44 42 44 44 44 45 44 47 44 48 
44 49 44 56 44 57 44 62 44 63 
44 66 44 67 44 68 44 69 44 71 
44 77 44 78 44 80 44 82 44 83 
44 86 44 88 44 91 44 92 44 94 
44 95 44 96 44 100 44 102 44 104 
44 108 44 109 44 113 44 114 44 115 
44 121 44 122 44 123 44 124 44 125 
44 126 44 127 44 128 44 130 44 136 
44 137 44 139 44 140 44 141 44 143 
44 146 44 147 45 1 45 4 45 5 
45 7 45 10 45 18 45 19 45 20 
45 22 45 23 45 26 45 28 45 29 
45 30 45 32 45 33 45 35 45 36 
45 37 45 40 45 43 45 45 45 46 
45 49 45 50 45 53 45 54 45 59 
45 60 45 63 45 65 45 68 45 69 
45 70 45 71 45 72 45 75 45 76 
45 78 45 80 45 81 45 82 45 83 
45 84 45 85 45 86 45 88 45 89 
45 91 45 92 45 93 45 96 45 97 
45 100 45 102 45 103 45 104 45 109 
45 114 45 115 45 117 45 118 45 121 
45 122 45 123 45 124 45 127 45 129 
45 133 45 137 45 139 45 140 45 144 
45 145 45 146 45 147 45 149 45 150 
46 3 46 5 46 10 46 11 46 14 
46 15 46 18 46 26 46 27 46 28 
46 29 46 30 46 36 46 38 46 40 
46 41 46 42 46 44 46 48 46 49 
46 51 46 58 46 59 46 61 46 65 
46 66 46 67 46 76 46 78 46 83 
46 88 46 96 46 97 46 99 46 100 
46 101 46 104 46 105 46 106 46 107 
46 108 46 109 46 110 46 111 46 112 
46 115 46 117 46 119 46 122 46 127 
46 128 46 134 46 135 46 136 46 141 
46 146 46 147 46 149 47 2 47 4 
47 5 47 6 47 7 47 8 47 9 
47 11 47 15 47 16 47 19 47 24 
47 25 47 26 47 27 47 32 47 33 
47 36 47 38 47 40 47 41 47 43 
47 46 47 48 47 53 47 54 47 55 
47 56 47 61 47 64 47 65 47 66 
47 71 47 72 47 74 47 75 47 76 
47 77 47 83 47 84 47 86 47 88 
47 89 47 90 47 94 47 96 47 97 
47 99 47 101 47 104 47 106 47 107 
47 110 47 111 47 115 47 121 47 126 
47 127 47 129 47 133 47 134 47 137 
47 139 47 141 47 142 47 143 47 146 
47 147 47 149 47 150 48 2 48 5 
48 6 48 7 48 10 48 12 48 15 
48 19 48 21 48 25 48 27 48 28 
48 29 48 32 48 33 48 34 48 36 
48 37 48 38 48 41 48 42 48 43 
48 45 48 47 48 48 48 51 48 53 
48 54 48 55 48 57 48 60 48 61 
48 63 48 65 48 67 48 68 48 70 
48 72 48 73 48 74 48 76 48 77 
48 78 48 79 48 80 48 82 48 83 
48 90 48 91 48 92 48 94 48 95 
48 96 48 98 48 102 48 103 48 104 
48 107 48 108 48 109 48 111 48 115 
48 118 48 119 48 120 48 123 48 124 
48 126 48 127 48 130 48 139 48 141 
48 142 48 144 48 145 48 149 48 150 
49 1 49 2 49 3 49 5 49 6 
49 7 49 9 49 10 49 11 49 12 
49 13 49 14 49 15 49 16 49 17 
49 18 49 21 49 23 49 24 49 25 
49 27 49 28 49 31 49 32 49 33 
49 34 49 37 49 38 49 39 49 40 
49 43 49 46 49 47 49 49 49 52 
49 62 49 63 49 66 49 67 49 71 
49 72 49 73 49 74 49 76 49 81 
49 82 49 87 49 88 49 90 49 91 
49 93 49 96 49 98 49 99 49 101 
49 102 49 106 49 107 49 108 49 109 
49 112 49 113 49 118 49 125 49 126 
49 127 49 128 49 129 49 130 49 132 
49 137 49 139 49 140 49 146 49 147 
49 149 50 1 50 4 50 6 50 7 
50 8 50 9 50 10 50 12 50 14 
50 15 50 17 50 20 50 23 50 25 
50 26 50 27 50 30 50 31 50 32 
50 35 50 36 50 37 50 41 50 44 
50 46 50 47 50 48 50 49 50 52 
50 55 50 57 50 58 50 60 50 61 
50 62 50 63 50 64 50 65 50 67 
50 69 50 71 50 74 50 76 50 79 
50 80 50 81 50 82 50 83 50 87 
50 90 50 94 50 95 50 96 50 97 
50 98 50 99 50 101 50 104 50 105 
50 107 50 108 50 110 50 115 50 118 
50 119 50 125 50 126 50 129 50 130 
50 132 50 133 50 134 50 135 50 136 
50 137 50 139 50 141 50 142 50 143 
50 147 50 148 51 3 51 4 51 6 
51 7 51 8 51 9 51 10 51 11 
51 12 51 14 51 16 51 17 51 23 
51 27 51 29 51 30 51 31 51 33 
51 37 51 39 51 43 51 44 51 48 
51 49 51 50 51 52 51 53 51 54 
51 56 51 57 51 59 51 60 51 62 
51 63 51 64 51 66 51 69 51 71 
51 72 51 73 51 77 51 79 51 85 
51 86 51 87 51 89 51 90 51 91 
51 93 51 97 51 98 51 99 51 101 
51 102 51 103 51 104 51 105 51 106 
51 108 51 109 51 112 51 120 51 121 
51 123 51 124 51 127 51 128 51 129 
51 131 51 132 51 134 51 135 51 136 
51 137 51 138 51 139 51 140 51 143 
51 144 51 145 51 149 52 2 52 3 
52 4 52 5 52 6 52 10 52 13 
52 14 52 16 52 18 52 22 52 23 
52 26 52 27 52 29 52 31 52 32 
52 33 52 34 52 44 52 45 52 47 
52 50 52 51 52 53 52 55 52 61 
52 62 52 65 52 67 52 68 52 71 
52 73 52 74 52 75 52 76 52 77 
52 81 52 82 52 84 52 86 52 87 
52 89 52 92 52 93 52 94 52 96 
52 97 52 98 52 103 52 105 52 106 
52 110 52 111 52 115 52 116 52 121 
52 123 52 125 52 128 52 129 52 132 
52 134 52 137 52 138 52 139 52 145 
52 146 52 147 52 149 53 3 53 5 
53 6 53 7 53 8 53 9 53 12 
53 16 53 17 53 19 53 21 53 23 
53 24 53 25 53 27 53 28 53 29 
53 33 53 38 53 40 53 42 53 44 
53 47 53 49 53 50 53 53 53 56 
53 57 53 60 53 63 53 64 53 66 
53 68 53 69 53 75 53 77 53 78 
53 79 53 80 53 81 53 82 53 85 
53 86 53 89 53 92 53 98 53 99 
53 101 53 105 53 108 53 109 53 110 
53 111 53 113 53 114 53 115 53 119 
53 121 53 124 53 125 53 129 53 130 
53 131 53 132 53 133 53 134 53 137 
53 138 53 139 53 140 53 141 53 143 
53 145 53 148 53 149 53 150 54 1 
54 3 54 7 54 9 54 15 54 16 
54 19 54 22 54 25 54 27 54 29 
54 30 54 34 54 35 54 36 54 37 
54 44 54 47 54 49 54 50 54 52 
54 56 54 58 54 59 54 60 54 62 
54 65 54 66 54 68 54 69 54 72 
54 73 54 74 54 75 54 76 54 77 
54 78 54 81 54 84 54 85 54 88 
54 91 54 93 54 102 54 106 54 111 
54 112 54 117 54 120 54 121 54 125 
54 129 54 130 54 131 54 133 54 135 
54 136 54 140 54 142 54 147 54 149 
55 1 55 2 55 5 55 6 55 7 
55 9 55 10 55 11 55 14 55 18 
55 19 55 20 55 21 55 22 55 26 
55 28 55 29 55 30 55 31 55 37 
55 39 55 42 55 46 55 49 55 51 
55 52 55 56 55 58 55 59 55 61 
55 62 55 64 55 65 55 66 55 68 
55 70 55 71 55 72 55 73 55 75 
55 77 55 79 55 80 55 83 55 85 
55 86 55 87 55 89 55 90 55 91 
55 92 55 94 55 97 55 99 55 101 
55 103 55 104 55 108 55 109 55 110 
55 111 55 112 55 114 55 115 55 117 
55 119 55 121 55 122 55 124 55 127 
55 129 55 130 55 134 55 136 55 138 
55 139 55 141 55 142 55 143 55 144 
55 146 55 147 55 149 55 150 56 4 
56 11 56 12 56 17 56 20 56 21 
56 23 56 25 56 27 56 31 56 33 
56 34 56 35 56 38 56 39 56 41 
56 44 56 46 56 48 56 50 56 51 
56 55 56 56 56 57 56 58 56 62 
56 66 56 67 56 69 56 71 56 73 
56 75 56 76 56 77 56 81 56 82 
56 83 56 84 56 85 56 87 56 89 
56 90 56 91 56 94 56 96 56 97 
56 98 56 99 56 101 56 102 56 106 
56 109 56 111 56 118 56 120 56 122 
56 131 56 135 56 138 56 143 56 144 
56 146 56 149 57 1 57 3 57 8 
57 9 57 10 57 12 57 14 57 17 
57 20 57 21 57 22 57 25 57 27 
57 28 57 29 57 31 57 34 57 39 
57 40 57 42 57 44 57 46 57 48 
57 49 57 54 57 56 57 59 57 60 
57 61 57 65 57 66 57 67 57 71 
57 73 57 81 57 82 57 84 57 90 
57 91 57 92 57 96 57 101 57 108 
57 109 57 113 57 114 57 115 57 116 
57 117 57 122 57 124 57 126 57 130 
57 132 57 135 57 141 57 143 57 144 
57 145 57 146 57 147 57 150 58 1 
58 3 58 4 58 6 58 7 58 10 
58 11 58 12 58 14 58 15 58 16 
58 17 58 20 58 21 58 23 58 26 
58 30 58 31 58 32 58 34 58 35 
58 37 58 38 58 39 58 40 58 42 
58 43 58 50 58 51 58 52 58 53 
58 54 58 55 58 56 58 57 58 61 
58 63 58 64 58 65 58 67 58 72 
58 73 58 75 58 80 58 83 58 84 
58 88 58 91 58 92 58 94 58 95 
58 96 58 98 58 101 58 105 58 106 
58 108 58 111 58 112 58 113 58 115 
58 116 58 117 58 119 58 120 58 121 
58 123 58 126 58 128 58 130 58 137 
58 140 58 141 58 143 58 145 58 148 
58 149 58 150 59 2 59 4 59 5 
59 7 59 8 59 10 59 11 59 12 
59 13 59 15 59 17 59 18 59 19 
59 21 59 22 59 23 59 27 59 30 
59 34 59 35 59 37 59 38 59 39 
59 41 59 42 59 43 59 47 59 49 
59 50 59 51 59 57 59 58 59 60 
59 61 59 62 59 64 59 68 59 69 
59 71 59 72 59 74 59 75 59 76 
59 79 59 80 59 81 59 87 59 88 
59 92 59 94 59 96 59 98 59 99 
59 100 59 101 59 102 59 103 59 106 
59 107 59 108 59 111 59 116 59 120 
59 122 59 123 59 124 59 126 59 129 
59 132 59 136 59 139 59 140 59 143 
59 144 59 148 59 149 60 4 60 6 
60 8 60 10 60 13 60 15 60 16 
60 18 60 23 60 24 60 25 60 30 
60 31 60 33 60 35 60 37 60 40 
60 42 60 43 60 44 60 45 60 46 
60 47 60 49 60 51 60 52 60 54 
60 56 60 60 60 62 60 65 60 67 
60 68 60 70 60 73 60 74 60 76 
60 77 60 80 60 82 60 85 60 87 
60 88 60 90 60 91 60 93 60 95 
60 96 60 97 60 102 60 109 60 113 
60 114 60 115 60 116 60 119 60 121 
60 124 60 125 60 126 60 127 60 128 
60 129 60 130 60 132 60 133 60 134 
60 136 60 137 60 138 60 141 60 142 
60 144 60 146 61 5 61 9 61 10 
61 12 61 13 61 14 61 15 61 16 
61 18 61 20 61 21 61 22 61 24 
61 25 61 26 61 30 61 31 61 32 
61 33 61 34 61 35 61 37 61 39 
61 40 61 41 61 42 61 44 61 45 
61 46 61 47 61 51 61 54 61 56 
61 57 61 59 61 62 61 63 61 65 
61 67 61 68 61 69 61 72 61 73 
61 75 61 77 61 78 61 80 61 82 
61 83 61 84 61 85 61 87 61 89 
61 91 61 99 61 101 61 103 61 105 
61 108 61 111 61 112 61 114 61 115 
61 116 61 118 61 120 61 122 61 123 
61 125 61 126 61 127 61 130 61 133 
61 134 61 135 61 136 61 137 61 138 
61 139 61 140 61 141 61 143 61 144 
61 145 61 147 61 148 62 1 62 2 
62 4 62 5 62 14 62 16 62 17 
62 18 62 19 62 20 62 21 62 22 
62 24 62 25 62 28 62 29 62 38 
62 41 62 42 62 43 62 44 62 45 
62 47 62 49 62 50 62 51 62 58 
62 61 62 62 62 67 62 71 62 73 
62 77 62 79 62 81 62 83 62 84 
62 87 62 89 62 90 62 91 62 92 
62 93 62 94 62 95 62 96 62 97 
62 99 62 101 62 103 62 108 62 111 
62 112 62 113 62 114 62 115 62 121 
62 122 62 123 62 131 62 137 62 139 
62 142 62 143 62 144 62 145 62 146 
62 148 62 150 63 2 63 4 63 5 
63 6 63 7 63 8 63 9 63 10 
63 11 63 12 63 14 63 15 63 18 
63 19 63 20 63 21 63 22 63 23 
63 25 63 28 63 29 63 30 63 33 
63 34 63 40 63 41 63 42 63 46 
63 47 63 49 63 50 63 51 63 53 
63 58 63 59 63 60 63 61 63 67 
63 68 63 69 63 71 63 72 63 73 
63 74 63 77 63 78 63 80 63 82 
63 83 63 86 63 89 63 94 63 95 
63 97 63 98 63 100 63 101 63 102 
63 103 63 105 63 106 63 107 63 110 
63 112 63 114 63 115 63 116 63 117 
63 118 63 119 63 120 63 123 63 126 
63 128 63 129 63 132 63 136 63 137 
63 139 63 144 63 147 64 1 64 2 
64 5 64 6 64 9 64 10 64 11 
64 12 64 13 64 18 64 21 64 22 
64 30 64 31 64 33 64 34 64 38 
64 39 64 40 64 42 64 43 64 45 
64 46 64 48 64 50 64 51 64 52 
64 54 64 58 64 60 64 61 64 64 
64 65 64 73 64 74 64 76 64 78 
64 79 64 80 64 83 64 84 64 85 
64 86 64 89 64 90 64 91 64 93 
64 95 64 96 64 97 64 98 64 99 
64 100 64 102 64 103 64 105 64 107 
64 109 64 111 64 113 64 116 64 117 
64 118 64 120 64 121 64 124 64 130 
64 133 64 134 64 136 64 137 64 140 
64 142 64 145 64 147 64 148 64 149 
65 2 65 4 65 6 65 7 65 9 
65 12 65 13 65 14 65 16 65 17 
65 19 65 20 65 22 65 23 65 25 
65 28 65 29 65 32 65 35 65 37 
65 40 65 43 65 45 65 46 65 47 
65 48 65 51 65 52 65 53 65 55 
65 56 65 59 65 62 65 63 65 68 
65 69 65 70 65 71 65 72 65 73 
65 77 65 81 65 83 65 84 65 87 
65 88 65 89 65 90 65 93 65 95 
65 98 65 100 65 103 65 104 65 105 
65 107 65 109 65 111 65 112 65 114 
65 116 65 118 65 119 65 120 65 122 
65 123 65 126 65 128 65 131 65 132 
65 134 65 136 65 137 65 139 65 140 
65 141 65 142 65 144 65 145 65 146 
65 148 65 149 65 150 66 1 66 2 
66 4 66 5 66 6 66 13 66 15 
66 24 66 25 66 26 66 28 66 29 
66 36 66 38 66 40 66 41 66 42 
66 44 66 45 66 46 66 47 66 48 
66 49 66 50 66 55 66 60 66 70 
66 74 66 77 66 80 66 82 66 83 
66 87 66 89 66 90 66 92 66 93 
66 95 66 96 66 97 66 99 66 102 
66 104 66 106 66 107 66 108 66 110 
66 112 66 114 66 118 66 123 66 124 
66 125 66 126 66 127 66 129 66 133 
66 135 66 136 66 137 66 142 66 144 
66 145 66 146 66 150 67 5 67 6 
67 8 67 10 67 11 67 12 67 13 
67 15 67 17 67 19 67 20 67 21 
67 22 67 23 67 25 67 27 67 29 
67 30 67 31 67 32 67 33 67 34 
67 38 67 40 67 42 67 45 67 46 
67 48 67 52 67 53 67 56 67 62 
67 64 67 65 67 67 67 68 67 69 
67 70 67 72 67 73 67 74 67 76 
67 78 67 80 67 82 67 83 67 85 
67 86 67 87 67 88 67 89 67 90 
67 91 67 95 67 98 67 99 67 101 
67 102 67 105 67 106 67 107 67 108 
67 109 67 111 67 112 67 114 67 116 
67 117 67 118 67 120 67 122 67 123 
67 125 67 131 67 133 67 134 67 135 
67 138 67 139 67 141 67 143 67 144 
67 145 67 147 68 5 68 6 68 8 
68 9 68 11 68 13 68 15 68 17 
68 21 68 22 68 24 68 26 68 27 
68 29 68 30 68 32 68 33 68 40 
68 42 68 43 68 45 68 47 68 50 
68 51 68 52 68 53 68 55 68 56 
68 57 68 58 68 60 68 62 68 64 
68 65 68 67 68 69 68 70 68 71 
68 74 68 78 68 79 68 80 68 81 
68 83 68 85 68 87 68 89 68 93 
68 94 68 95 68 97 68 99 68 101 
68 102 68 104 68 106 68 108 68 110 
68 111 68 112 68 120 68 121 68 122 
68 123 68 124 68 125 68 127 68 129 
68 132 68 133 68 138 68 139 68 140 
68 141 68 142 68 143 68 147 68 148 
68 149 68 150 69 3 69 4 69 5 
69 7 69 8 69 9 69 12 69 16 
69 17 69 18 69 23 69 24 69 25 
69 27 69 28 69 29 69 30 69 34 
69 35 69 36 69 38 69 39 69 42 
69 45 69 46 69 49 69 55 69 56 
69 57 69 58 69 59 69 60 69 61 
69 63 69 65 69 68 69 71 69 74 
69 75 69 77 69 79 69 81 69 82 
69 83 69 85 69 86 69 88 69 89 
69 91 69 92 69 93 69 95 69 98 
69 99 69 100 69 101 69 102 69 103 
69 106 69 116 69 118 69 122 69 123 
69 125 69 126 69 133 69 136 69 138 
69 139 69 143 69 144 69 145 69 146 
69 147 70 1 70 3 70 5 70 6 
70 10 70 11 70 12 70 13 70 17 
70 19 70 20 70 21 70 23 70 27 
70 31 70 32 70 33 70 34 70 35 
70 36 70 37 70 38 70 39 70 40 
70 41 70 43 70 49 70 52 70 54 
70 56 70 58 70 60 70 61 70 62 
70 65 70 70 70 72 70 75 70 77 
70 78 70 83 70 84 70 86 70 88 
70 89 70 90 70 92 70 93 70 95 
70 97 70 98 70 100 70 101 70 104 
70 108 70 109 70 111 70 112 70 113 
70 114 70 115 70 116 70 118 70 126 
70 127 70 129 70 130 70 136 70 138 
70 140 70 141 70 144 70 148 71 3 
71 4 71 5 71 9 71 12 71 13 
71 14 71 15 71 18 71 19 71 23 
71 24 71 25 71 27 71 28 71 29 
71 30 71 32 71 34 71 37 71 38 
71 41 71 43 71 44 71 46 71 49 
71 50 71 52 71 53 71 55 71 58 
71 59 71 60 71 61 71 63 71 64 
71 65 71 66 71 68 71 69 71 70 
71 71 71 74 71 77 71 80 71 82 
71 84 71 85 71 86 71 87 71 88 
71 92 71 93 71 95 71 99 71 103 
71 104 71 105 71 107 71 110 71 112 
71 113 71 117 71 118 71 120 71 125 
71 126 71 128 71 130 71 131 71 138 
71 139 71 141 71 142 71 144 71 145 
71 147 71 150 72 3 72 4 72 6 
72 7 72 8 72 9 72 11 72 13 
72 14 72 15 72 17 72 18 72 19 
72 20 72 27 72 29 72 33 72 34 
72 35 72 38 72 39 72 43 72 45 
72 46 72 51 72 54 72 55 72 59 
72 62 72 66 72 68 72 70 72 71 
72 74 72 77 72 78 72 79 72 81 
72 82 72 83 72 85 72 89 72 91 
72 92 72 93 72 94 72 101 72 102 
72 103 72 104 72 105 72 110 72 112 
72 114 72 116 72 119 72 120 72 121 
72 124 72 125 72 127 72 129 72 131 
72 132 72 133 72 137 72 139 72 141 
72 143 72 147 72 148 73 2 73 4 
73 5 73 6 73 7 73 8 73 11 
73 13 73 15 73 16 73 17 73 18 
73 19 73 20 73 21 73 24 73 25 
73 31 73 32 73 34 73 35 73 36 
73 37 73 38 73 39 73 41 73 43 
73 46 73 47 73 48 73 49 73 50 
73 51 73 55 73 56 73 59 73 60 
73 61 73 63 73 66 73 68 73 71 
73 73 73 74 73 75 73 76 73 79 
73 80 73 84 73 86 73 88 73 89 
73 93 73 96 73 97 73 98 73 101 
73 103 73 104 73 106 73 107 73 109 
73 113 73 114 73 116 73 118 73 119 
73 120 73 121 73 124 73 125 73 127 
73 128 73 129 73 130 73 131 73 133 
73 135 73 136 73 137 73 138 73 139 
73 142 73 144 73 147 73 149 74 3 
74 4 74 6 74 7 74 8 74 10 
74 12 74 13 74 17 74 18 74 19 
74 24 74 25 74 26 74 27 74 30 
74 33 74 35 74 36 74 37 74 41 
74 43 74 44 74 45 74 47 74 49 
74 53 74 54 74 58 74 60 74 61 
74 62 74 63 74 64 74 66 74 67 
74 68 74 70 74 71 74 73 74 74 
74 75 74 76 74 77 74 78 74 83 
74 89 74 90 74 94 74 96 74 97 
74 99 74 101 74 102 74 105 74 106 
74 107 74 110 74 113 74 114 74 115 
74 116 74 117 74 120 74 123 74 124 
74 131 74 132 74 134 74 137 74 138 
74 139 74 142 74 150 75 1 75 2 
75 4 75 5 75 6 75 7 75 13 
75 14 75 19 75 21 75 23 75 27 
75 28 75 29 75 36 75 37 75 39 
75 41 75 42 75 44 75 45 75 48 
75 52 75 53 75 54 75 56 75 58 
75 59 75 60 75 61 75 62 75 65 
75 66 75 68 75 71 75 73 75 76 
75 77 75 78 75 79 75 80 75 81 
75 82 75 85 75 87 75 88 75 89 
75 90 75 92 75 97 75 102 75 103 
75 104 75 105 75 106 75 109 75 111 
75 114 75 115 75 117 75 119 75 120 
75 125 75 126 75 128 75 129 75 130 
75 131 75 132 75 134 75 136 75 139 
75 140 75 144 75 145 75 147 75 149 
75 150 76 6 76 7 76 11 76 13 
76 15 76 16 76 18 76 20 76 21 
76 23 76 24 76 29 76 30 76 31 
76 36 76 40 76 44 76 47 76 49 
76 51 76 55 76 57 76 58 76 60 
76 63 76 68 76 73 76 74 76 75 
76 78 76 84 76 89 76 90 76 92 
76 94 76 96 76 98 76 101 76 102 
76 104 76 108 76 110 76 111 76 113 
76 120 76 122 76 123 76 124 76 125 
76 126 76 127 76 131 76 133 76 135 
76 137 76 138 76 140 76 142 76 143 
76 145 76 147 76 149 77 3 77 4 
77 5 77 6 77 7 77 9 77 10 
77 15 77 16 77 18 77 25 77 28 
77 29 77 30 77 31 77 32 77 33 
77 34 77 35 77 36 77 39 77 40 
77 43 77 45 77 47 77 48 77 49 
77 50 77 54 77 60 77 64 77 65 
77 70 77 74 77 76 77 77 77 78 
77 79 77 80 77 83 77 85 77 88 
77 92 77 94 77 96 77 97 77 101 
77 103 77 107 77 109 77 113 77 114 
77 115 77 117 77 119 77 121 77 126 
77 130 77 133 77 134 77 135 77 137 
77 140 77 142 77 144 77 146 77 147 
77 149 77 150 78 2 78 4 78 6 
78 7 78 8 78 9 78 12 78 14 
78 17 78 18 78 19 78 20 78 21 
78 22 78 27 78 29 78 30 78 34 
78 36 78 37 78 38 78 39 78 40 
78 41 78 42 78 48 78 51 78 53 
78 55 78 62 78 64 78 65 78 66 
78 68 78 69 78 74 78 75 78 77 
78 79 78 80 78 81 78 82 78 85 
78 91 78 94 78 96 78 97 78 102 
78 107 78 109 78 112 78 113 78 114 
78 115 78 116 78 117 78 121 78 122 
78 124 78 125 78 129 78 130 78 133 
78 136 78 137 78 138 78 139 78 142 
78 144 78 148 78 149 78 150 79 2 
79 3 79 6 79 8 79 9 79 10 
79 11 79 12 79 14 79 20 79 22 
79 23 79 24 79 29 79 31 79 32 
79 34 79 38 79 39 79 40 79 43 
79 44 79 48 79 50 79 54 79 56 
79 61 79 64 79 67 79 69 79 70 
79 72 79 73 79 74 79 79 79 81 
79 83 79 84 79 85 79 86 79 89 
79 90 79 92 79 93 79 96 79 97 
79 100 79 101 79 102 79 105 79 109 
79 110 79 111 79 114 79 115 79 118 
79 119 79 120 79 121 79 122 79 126 
79 127 79 130 79 131 79 134 79 135 
79 136 79 137 79 138 79 143 79 144 
79 145 79 147 79 148 79 150 80 1 
80 2 80 5 80 8 80 12 80 13 
80 14 80 15 80 16 80 17 80 19 
80 20 80 24 80 25 80 29 80 33 
80 34 80 36 80 37 80 38 80 40 
80 41 80 44 80 46 80 47 80 48 
80 49 80 52 80 55 80 58 80 60 
80 61 80 63 80 65 80 70 80 71 
80 72 80 73 80 74 80 76 80 77 
80 78 80 79 80 82 80 83 80 84 
80 85 80 87 80 88 80 90 80 91 
80 94 80 95 80 97 80 98 80 101 
80 103 80 104 80 106 80 111 80 114 
80 117 80 119 80 121 80 123 80 124 
80 130 80 133 80 134 80 136 80 139 
80 140 80 141 80 142 80 145 80 146 
80 147 80 150 81 2 81 4 81 6 
81 8 81 9 81 10 81 11 81 13 
81 17 81 20 81 23 81 24 81 25 
81 26 81 27 81 29 81 30 81 31 
81 32 81 33 81 35 81 36 81 37 
81 40 81 41 81 42 81 44 81 48 
81 49 81 53 81 54 81 56 81 58 
81 61 81 62 81 63 81 64 81 65 
81 66 81 68 81 69 81 72 81 75 
81 76 81 77 81 79 81 83 81 85 
81 87 81 91 81 98 81 102 81 103 
81 105 81 108 81 109 81 111 81 113 
81 115 81 117 81 118 81 121 81 123 
81 125 81 131 81 135 81 136 81 137 
81 138 81 139 81 141 81 142 81 143 
81 144 81 145 81 146 81 148 81 149 
81 150 82 1 82 3 82 4 82 9 
82 10 82 13 82 15 82 16 82 18 
82 21 82 23 82 27 82 28 82 29 
82 31 82 32 82 33 82 35 82 38 
82 39 82 41 82 43 82 44 82 45 
82 48 82 49 82 50 82 51 82 52 
82 53 82 55 82 56 82 58 82 59 
82 64 82 67 82 68 82 71 82 72 
82 73 82 75 82 76 82 77 82 78 
82 79 82 80 82 81 82 82 82 84 
82 85 82 88 82 89 82 90 82 91 
82 93 82 98 82 99 82 103 82 106 
82 107 82 110 82 112 82 113 82 117 
82 118 82 119 82 122 82 124 82 125 
82 126 82 127 82 131 82 135 82 136 
82 138 82 142 82 144 82 145 82 148 
82 149 82 150 83 1 83 3 83 5 
83 7 83 8 83 9 83 10 83 12 
83 14 83 15 83 19 83 20 83 23 
83 26 83 27 83 28 83 32 83 33 
83 34 83 36 83 37 83 38 83 39 
83 40 83 41 83 42 83 44 83 45 
83 46 83 49 83 50 83 51 83 52 
83 53 83 58 83 59 83 61 83 62 
83 63 83 65 83 66 83 68 83 70 
83 71 83 73 83 74 83 75 83 80 
83 83 83 86 83 87 83 89 83 91 
83 96 83 97 83 98 83 99 83 100 
83 101 83 103 83 104 83 106 83 107 
83 108 83 110 83 112 83 116 83 118 
83 119 83 121 83 122 83 124 83 125 
83 127 83 128 83 130 83 132 83 134 
83 135 83 136 83 137 83 139 83 143 
83 144 83 145 83 146 83 148 83 150 
84 2 84 3 84 6 84 8 84 11 
84 13 84 18 84 19 84 21 84 24 
84 28 84 29 84 30 84 31 84 32 
84 34 84 37 84 38 84 39 84 42 
84 44 84 46 84 49 84 53 84 55 
84 56 84 58 84 60 84 61 84 62 
84 63 84 66 84 68 84 69 84 70 
84 73 84 78 84 80 84 82 84 87 
84 90 84 91 84 92 84 93 84 100 
84 101 84 104 84 105 84 108 84 109 
84 110 84 111 84 113 84 114 84 115 
84 118 84 119 84 124 84 125 84 127 
84 130 84 131 84 133 84 134 84 136 
84 137 84 138 84 141 84 143 84 144 
84 147 84 148 84 149 84 150 85 2 
85 4 85 6 85 7 85 8 85 9 
85 11 85 12 85 13 85 15 85 16 
85 17 85 20 85 21 85 22 85 23 
85 24 85 25 85 26 85 28 85 32 
85 34 85 37 85 42 85 43 85 45 
85 46 85 48 85 54 85 55 85 56 
85 60 85 61 85 62 85 64 85 66 
85 67 85 69 85 71 85 72 85 73 
85 74 85 76 85 79 85 81 85 83 
85 84 85 85 85 86 85 87 85 88 
85 90 85 92 85 93 85 94 85 95 
85 97 85 99 85 100 85 102 85 105 
85 107 85 110 85 112 85 114 85 117 
85 118 85 120 85 122 85 125 85 127 
85 128 85 129 85 133 85 135 85 136 
85 142 85 143 85 145 85 146 85 147 
85 148 85 149 86 3 86 4 86 7 
86 10 86 13 86 16 86 18 86 19 
86 20 86 22 86 24 86 25 86 27 
86 28 86 30 86 31 86 34 86 35 
86 40 86 42 86 43 86 45 86 47 
86 49 86 51 86 53 86 55 86 56 
86 58 86 59 86 60 86 61 86 63 
86 64 86 66 86 67 86 69 86 72 
86 75 86 78 86 79 86 80 86 82 
86 85 86 88 86 90 86 92 86 93 
86 94 86 96 86 98 86 102 86 105 
86 106 86 107 86 110 86 111 86 113 
86 115 86 116 86 117 86 118 86 119 
86 121 86 122 86 124 86 125 86 126 
86 127 86 129 86 130 86 133 86 134 
86 135 86 137 86 142 86 143 86 147 
86 149 87 1 87 2 87 5 87 6 
87 8 87 9 87 10 87 11 87 16 
87 17 87 18 87 25 87 27 87 30 
87 32 87 33 87 39 87 43 87 49 
87 50 87 53 87 56 87 60 87 64 
87 65 87 67 87 68 87 71 87 75 
87 77 87 79 87 80 87 81 87 82 
87 84 87 86 87 88 87 89 87 90 
87 94 87 95 87 97 87 98 87 99 
87 101 87 103 87 105 87 107 87 111 
87 112 87 114 87 115 87 118 87 119 
87 120 87 121 87 122 87 124 87 125 
87 128 87 130 87 132 87 134 87 136 
87 137 87 140 87 141 87 143 87 145 
87 146 87 147 87 149 88 3 88 6 
88 8 88 9 88 10 88 11 88 13 
88 14 88 16 88 17 88 23 88 25 
88 26 88 28 88 33 88 34 88 35 
88 39 88 40 88 42 88 43 88 45 
88 46 88 50 88 53 88 58 88 60 
88 64 88 66 88 67 88 68 88 69 
88 70 88 71 88 75 88 76 88 81 
88 83 88 87 88 88 88 90 88 92 
88 94 88 95 88 96 88 97 88 100 
88 101 88 103 88 104 88 105 88 107 
88 108 88 110 88 112 88 113 88 114 
88 115 88 116 88 117 88 119 88 120 
88 121 88 124 88 125 88 126 88 129 
88 130 88 131 88 132 88 135 88 136 
88 137 88 139 88 140 88 141 88 142 
88 143 88 147 88 150 89 4 89 5 
89 10 89 11 89 12 89 13 89 14 
89 15 89 19 89 22 89 24 89 30 
89 32 89 33 89 35 89 36 89 37 
89 40 89 41 89 43 89 44 89 51 
89 52 89 53 89 55 89 56 89 58 
89 60 89 61 89 62 89 63 89 65 
89 66 89 68 89 69 89 70 89 72 
89 75 89 78 89 79 89 80 89 81 
89 84 89 86 89 89 89 91 89 96 
89 98 89 102 89 103 89 105 89 106 
89 107 89 108 89 109 89 111 89 112 
89 114 89 116 89 120 89 122 89 123 
89 124 89 127 89 128 89 129 89 137 
89 139 89 140 89 141 89 142 89 144 
89 145 89 146 89 147 89 150 90 1 
90 2 90 3 90 5 90 7 90 8 
90 11 90 12 90 19 90 20 90 25 
90 26 90 28 90 34 90 35 90 36 
90 39 90 40 90 46 90 47 90 48 
90 49 90 51 90 53 90 54 90 56 
90 59 90 60 90 61 90 63 90 64 
90 65 90 67 90 69 90 72 90 73 
90 75 90 76 90 79 90 80 90 81 
90 82 90 87 90 88 90 89 90 90 
90 91 90 92 90 93 90 96 90 98 
90 99 90 103 90 104 90 106 90 112 
90 114 90 116 90 117 90 118 90 119 
90 121 90 122 90 123 90 124 90 126 
90 127 90 130 90 132 90 137 90 138 
90 140 90 141 90 144 90 145 90 149 
90 150 91 1 91 4 91 6 91 8 
91 11 91 12 91 15 91 16 91 17 
91 18 91 20 91 24 91 25 91 27 
91 28 91 29 91 32 91 34 91 38 
91 40 91 42 91 44 91 47 91 48 
91 49 91 54 91 55 91 57 91 58 
91 60 91 61 91 62 91 64 91 65 
91 66 91 68 91 69 91 70 91 74 
91 75 91 77 91 78 91 79 91 80 
91 81 91 82 91 83 91 84 91 85 
91 93 91 94 91 96 91 99 91 102 
91 104 91 105 91 108 91 109 91 110 
91 111 91 113 91 115 91 116 91 117 
91 119 91 120 91 122 91 123 91 129 
91 135 91 136 91 140 91 141 91 143 
91 144 91 146 91 147 91 149 91 150 
92 1 92 3 92 4 92 9 92 11 
92 12 92 15 92 17 92 19 92 20 
92 21 92 22 92 26 92 27 92 28 
92 29 92 33 92 35 92 37 92 40 
92 41 92 43 92 44 92 46 92 48 
92 50 92 52 92 53 92 56 92 58 
92 60 92 61 92 65 92 68 92 70 
92 71 92 72 92 75 92 77 92 80 
92 81 92 84 92 85 92 86 92 88 
92 89 92 91 92 92 92 96 92 97 
92 98 92 103 92 104 92 105 92 108 
92 111 92 116 92 119 92 120 92 123 
92 125 92 126 92 127 92 128 92 129 
92 130 92 135 92 136 92 139 92 146 
92 149 93 1 93 2 93 3 93 5 
93 9 93 10 93 11 93 12 93 13 
93 14 93 18 93 19 93 21 93 22 
93 23 93 26 93 27 93 29 93 30 
93 31 93 34 93 35 93 36 93 38 
93 39 93 41 93 44 93 46 93 50 
93 51 93 52 93 55 93 56 93 57 
93 59 93 62 93 63 93 64 93 65 
93 66 93 69 93 70 93 75 93 77 
93 79 93 80 93 81 93 82 93 86 
93 90 93 91 93 92 93 93 93 94 
93 97 93 98 93 103 93 104 93 111 
93 112 93 114 93 118 93 119 93 122 
93 123 93 125 93 126 93 127 93 129 
93 130 93 133 93 134 93 137 93 139 
93 144 93 146 93 148 93 149 93 150 
94 1 94 3 94 6 94 7 94 9 
94 11 94 12 94 14 94 15 94 17 
94 18 94 21 94 22 94 26 94 28 
94 32 94 34 94 35 94 36 94 38 
94 39 94 42 94 43 94 47 94 49 
94 50 94 56 94 61 94 63 94 67 
94 69 94 71 94 75 94 77 94 79 
94 81 94 82 94 87 94 89 94 90 
94 95 94 97 94 102 94 105 94 106 
94 110 94 115 94 118 94 120 94 121 
94 122 94 126 94 128 94 129 94 131 
94 132 94 133 94 134 94 135 94 136 
94 138 94 140 94 141 94 143 94 146 
94 147 95 1 95 4 95 6 95 7 
95 8 95 9 95 10 95 11 95 16 
95 17 95 18 95 19 95 20 95 21 
95 22 95 27 95 28 95 30 95 31 
95 33 95 34 95 36 95 38 95 40 
95 41 95 44 95 45 95 46 95 49 
95 50 95 55 95 60 95 61 95 62 
95 63 95 65 95 72 95 78 95 79 
95 81 95 82 95 83 95 84 95 85 
95 86 95 88 95 90 95 93 95 94 
95 97 95 100 95 102 95 103 95 105 
95 107 95 109 95 111 95 113 95 116 
95 117 95 118 95 127 95 130 95 132 
95 135 95 143 95 148 95 149 96 3 
96 4 96 7 96 8 96 11 96 13 
96 14 96 15 96 17 96 20 96 21 
96 22 96 23 96 24 96 25 96 26 
96 27 96 30 96 31 96 32 96 34 
96 35 96 36 96 39 96 40 96 41 
96 44 96 48 96 49 96 50 96 56 
96 58 96 61 96 67 96 73 96 74 
96 75 96 76 96 77 96 78 96 81 
96 82 96 84 96 86 96 87 96 88 
96 90 96 93 96 94 96 95 96 96 
96 102 96 103 96 104 96 105 96 106 
96 107 96 110 96 111 96 112 96 114 
96 115 96 117 96 118 96 121 96 126 
96 127 96 129 96 132 96 133 96 135 
96 136 96 137 96 138 96 139 96 140 
96 141 96 142 96 143 96 145 96 146 
97 1 97 7 97 8 97 10 97 12 
97 16 97 19 97 20 97 24 97 25 
97 26 97 27 97 29 97 31 97 35 
97 37 97 38 97 43 97 45 97 46 
97 48 97 50 97 51 97 52 97 55 
97 61 97 67 97 71 97 72 97 74 
97 77 97 78 97 83 97 84 97 86 
97 88 97 89 97 93 97 94 97 96 
97 100 97 101 97 102 97 103 97 105 
97 106 97 107 97 108 97 112 97 113 
97 114 97 116 97 117 97 119 97 120 
97 122 97 123 97 124 97 125 97 126 
97 127 97 128 97 132 97 134 97 139 
97 142 97 147 97 149 97 150 98 2 
98 5 98 7 98 11 98 14 98 17 
98 18 98 19 98 20 98 22 98 23 
98 28 98 30 98 31 98 33 98 37 
98 41 98 42 98 52 98 54 98 55 
98 56 98 57 98 59 98 60 98 61 
98 62 98 63 98 64 98 66 98 68 
98 69 98 71 98 72 98 75 98 76 
98 78 98 79 98 80 98 81 98 82 
98 83 98 90 98 91 98 97 98 98 
98 99 98 100 98 101 98 102 98 103 
98 104 98 107 98 108 98 109 98 110 
98 112 98 113 98 114 98 117 98 118 
98 120 98 121 98 123 98 124 98 126 
98 127 98 128 98 129 98 131 98 132 
98 133 98 134 98 135 98 137 98 140 
98 141 98 143 98 144 98 146 98 147 
98 149 98 150 99 1 99 2 99 4 
99 6 99 8 99 11 99 12 99 16 
99 17 99 19 99 20 99 21 99 24 
99 26 99 28 99 29 99 30 99 36 
99 40 99 41 99 45 99 49 99 53 
99 55 99 61 99 62 99 63 99 64 
99 66 99 67 99 73 99 74 99 76 
99 79 99 80 99 83 99 86 99 90 
99 94 99 99 99 101 99 102 99 105 
99 106 99 107 99 108 99 109 99 112 
99 113 99 114 99 115 99 117 99 120 
99 126 99 127 99 133 99 134 99 140 
99 144 99 149 100 1 100 3 100 4 
100 5 100 8 100 10 100 12 100 13 
100 14 100 15 100 16 100 17 100 19 
100 21 100 22 100 25 100 28 100 30 
100 32 100 33 100 38 100 40 100 43 
100 44 100 45 100 46 100 50 100 52 
100 57 100 61 100 62 100 63 100 65 
100 66 100 67 100 68 100 69 100 71 
100 72 100 73 100 76 100 81 100 82 
100 83 100 84 100 89 100 96 100 97 
100 99 100 104 100 105 100 108 100 110 
100 111 100 114 100 115 100 119 100 121 
100 122 100 123 100 124 100 126 100 130 
100 131 100 132 100 133 100 135 100 136 
100 138 100 141 100 147 100 148 101 3 
101 7 101 8 101 10 101 12 101 13 
101 14 101 17 101 20 101 27 101 28 
101 29 101 32 101 33 101 35 101 37 
101 38 101 39 101 43 101 47 101 48 
101 52 101 55 101 56 101 59 101 60 
101 65 101 66 101 70 101 73 101 74 
101 76 101 80 101 81 101 83 101 84 
101 85 101 88 101 89 101 90 101 91 
101 93 101 96 101 98 101 99 101 100 
101 103 101 105 101 107 101 108 101 110 
101 112 101 113 101 114 101 116 101 120 
101 121 101 122 101 123 101 124 101 125 
101 127 101 128 101 129 101 137 101 138 
101 140 101 141 101 142 101 144 101 146 
101 147 101 149 102 4 102 6 102 11 
102 13 102 15 102 16 102 17 102 18 
102 20 102 23 102 25 102 27 102 30 
102 31 102 35 102 36 102 38 102 40 
102 41 102 42 102 44 102 46 102 47 
102 49 102 50 102 51 102 53 102 54 
102 55 102 57 102 58 102 59 102 60 
102 64 102 66 102 67 102 69 102 70 
102 75 102 79 102 80 102 81 102 85 
102 87 102 89 102 92 102 93 102 94 
102 95 102 96 102 97 102 102 102 103 
102 104 102 107 102 112 102 113 102 115 
102 116 102 117 102 121 102 123 102 125 
102 126 102 127 102 128 102 129 102 130 
102 131 102 132 102 133 102 134 102 136 
102 137 102 140 102 145 102 146 102 148 
102 149 102 150 103 1 103 2 103 3 
103 4 103 5 103 6 103 7 103 8 
103 10 103 12 103 13 103 14 103 16 
103 17 103 19 103 20 103 24 103 26 
103 29 103 32 103 39 103 40 103 41 
103 44 103 51 103 54 103 64 103 66 
103 68 103 70 103 73 103 77 103 78 
103 82 103 83 103 85 103 89 103 90 
103 91 103 92 103 95 103 99 103 100 
103 105 103 106 103 107 103 108 103 109 
103 114 103 115 103 118 103 119 103 120 
103 122 103 123 103 131 103 132 103 133 
103 134 103 135 103 136 103 137 103 139 
103 140 103 145 104 3 104 4 104 5 
104 6 104 7 104 8 104 9 104 10 
104 11 104 13 104 18 104 19 104 20 
104 22 104 24 104 28 104 30 104 31 
104 32 104 33 104 34 104 36 104 37 
104 39 104 40 104 41 104 46 104 48 
104 49 104 50 104 52 104 54 104 58 
104 59 104 63 104 64 104 66 104 69 
104 70 104 71 104 72 104 74 104 75 
104 76 104 79 104 81 104 82 104 83 
104 87 104 88 104 89 104 95 104 99 
104 101 104 103 104 104 104 106 104 107 
104 108 104 109 104 111 104 116 104 117 
104 118 104 120 104 122 104 128 104 129 
104 131 104 132 104 133 104 135 104 138 
104 141 104 142 104 143 104 144 104 150 
105 3 105 7 105 8 105 10 105 11 
105 12 105 14 105 16 105 17 105 21 
105 23 105 24 105 26 105 30 105 32 
105 33 105 34 105 39 105 43 105 45 
105 47 105 48 105 52 105 53 105 54 
105 56 105 60 105 65 105 67 105 68 
105 69 105 71 105 72 105 73 105 75 
105 76 105 77 105 79 105 83 105 84 
105 86 105 87 105 93 105 94 105 95 
105 96 105 97 105 99 105 103 105 104 
105 105 105 106 105 110 105 112 105 113 
105 114 105 115 105 116 105 117 105 119 
105 120 105 121 105 122 105 123 105 126 
105 130 105 131 105 133 105 134 105 135 
105 137 105 138 105 140 105 142 105 144 
105 146 106 1 106 2 106 3 106 4 
106 5 106 7 106 13 106 20 106 21 
106 22 106 23 106 24 106 26 106 29 
106 36 106 38 106 39 106 40 106 41 
106 42 106 45 106 46 106 48 106 52 
106 54 106 55 106 56 106 59 106 65 
106 67 106 68 106 69 106 70 106 73 
106 75 106 77 106 78 106 79 106 80 
106 81 106 82 106 83 106 85 106 87 
106 92 106 94 106 97 106 100 106 102 
106 103 106 106 106 107 106 108 106 109 
106 110 106 111 106 114 106 118 106 120 
106 121 106 122 106 125 106 127 106 131 
106 132 106 134 106 135 106 136 106 137 
106 138 106 139 106 140 106 142 106 145 
106 147 107 1 107 2 107 3 107 5 
107 7 107 12 107 14 107 15 107 16 
107 18 107 19 107 20 107 22 107 23 
107 25 107 26 107 28 107 31 107 32 
107 33 107 34 107 35 107 36 107 37 
107 38 107 39 107 41 107 46 107 47 
107 49 107 50 107 52 107 54 107 61 
107 62 107 63 107 64 107 66 107 67 
107 68 107 69 107 71 107 72 107 73 
107 77 107 78 107 79 107 80 107 82 
107 85 107 86 107 87 107 90 107 91 
107 93 107 94 107 95 107 99 107 100 
107 101 107 102 107 104 107 105 107 106 
107 110 107 111 107 115 107 118 107 119 
107 120 107 122 107 124 107 126 107 127 
107 128 107 129 107 130 107 133 107 136 
107 137 107 138 107 139 107 142 107 143 
107 144 107 150 108 3 108 5 108 6 
108 7 108 8 108 10 108 14 108 15 
108 16 108 17 108 21 108 22 108 26 
108 27 108 32 108 35 108 36 108 38 
108 39 108 42 108 45 108 50 108 51 
108 53 108 54 108 57 108 59 108 61 
108 62 108 64 108 66 108 73 108 76 
108 80 108 81 108 82 108 84 108 85 
108 88 108 89 108 90 108 93 108 95 
108 96 108 100 108 101 108 103 108 104 
108 108 108 110 108 112 108 114 108 115 
108 116 108 117 108 118 108 120 108 121 
108 122 108 128 108 129 108 130 108 131 
108 132 108 134 108 135 108 136 108 137 
108 141 108 143 108 147 108 150 109 4 
109 5 109 9 109 11 109 13 109 14 
109 15 109 19 109 21 109 22 109 23 
109 24 109 26 109 27 109 28 109 29 
109 32 109 35 109 37 109 38 109 41 
109 45 109 46 109 48 109 49 109 52 
109 56 109 57 109 58 109 59 109 60 
109 61 109 62 109 63 109 66 109 67 
109 68 109 69 109 70 109 71 109 72 
109 74 109 75 109 80 109 81 109 82 
109 84 109 88 109 91 109 99 109 100 
109 103 109 105 109 106 109 109 109 111 
109 112 109 116 109 117 109 120 109 121 
109 123 109 124 109 125 109 126 109 127 
109 128 109 130 109 131 109 133 109 134 
109 137 109 139 109 142 109 143 109 145 
109 146 109 149 110 1 110 6 110 7 
110 8 110 11 110 13 110 14 110 17 
110 18 110 21 110 22 110 24 110 26 
110 27 110 33 110 35 110 36 110 38 
110 40 110 42 110 44 110 45 110 46 
110 47 110 50 110 51 110 52 110 53 
110 54 110 55 110 57 110 60 110 61 
110 62 110 67 110 68 110 69 110 74 
110 78 110 79 110 81 110 86 110 89 
110 95 110 99 110 100 110 102 110 104 
110 106 110 107 110 108 110 109 110 111 
110 113 110 116 110 117 110 118 110 120 
110 122 110 124 110 126 110 127 110 130 
110 132 110 133 110 134 110 135 110 138 
110 139 110 142 110 144 110 149 110 150 
111 1 111 2 111 5 111 7 111 8 
111 11 111 14 111 20 111 21 111 22 
111 23 111 24 111 25 111 26 111 30 
111 31 111 36 111 38 111 39 111 40 
111 42 111 43 111 45 111 46 111 48 
111 49 111 56 111 58 111 60 111 61 
111 64 111 65 111 66 111 68 111 69 
111 70 111 74 111 78 111 80 111 81 
111 88 111 89 111 90 111 91 111 92 
111 94 111 95 111 97 111 100 111 104 
111 105 111 110 111 112 111 113 111 114 
111 118 111 119 111 121 111 123 111 125 
111 128 111 129 111 130 111 131 111 133 
111 134 111 136 111 140 111 142 111 145 
111 146 111 148 111 149 112 1 112 3 
112 4 112 6 112 7 112 8 112 9 
112 10 112 11 112 13 112 14 112 16 
112 18 112 19 112 20 112 22 112 23 
112 24 112 26 112 27 112 30 112 31 
112 33 112 34 112 35 112 36 112 38 
112 39 112 40 112 44 112 47 112 48 
112 52 112 54 112 55 112 58 112 60 
112 63 112 68 112 71 112 74 112 75 
112 76 112 77 112 85 112 86 112 89 
112 90 112 91 112 93 112 96 112 100 
112 104 112 106 112 108 112 109 112 111 
112 113 112 117 112 119 112 120 112 123 
112 126 112 128 112 129 112 130 112 136 
112 137 112 138 112 140 112 142 112 145 
112 146 112 149 112 150 113 1 113 2 
113 3 113 6 113 7 113 10 113 13 
113 15 113 21 113 26 113 29 113 41 
113 42 113 43 113 44 113 45 113 47 
113 48 113 49 113 52 113 55 113 58 
113 59 113 63 113 64 113 65 113 68 
113 69 113 70 113 72 113 73 113 76 
113 77 113 79 113 81 113 84 113 86 
113 87 113 89 113 90 113 91 113 93 
113 96 113 97 113 98 113 99 113 101 
113 103 113 107 113 110 113 111 113 114 
113 115 113 117 113 118 113 119 113 120 
113 121 113 122 113 124 113 125 113 127 
113 131 113 134 113 135 113 136 113 137 
113 139 113 140 113 141 113 143 113 145 
113 146 113 148 114 4 114 6 114 7 
114 10 114 12 114 13 114 19 114 20 
114 22 114 24 114 26 114 28 114 29 
114 30 114 34 114 35 114 36 114 38 
114 39 114 41 114 42 114 44 114 45 
114 46 114 47 114 49 114 50 114 51 
114 52 114 54 114 55 114 56 114 59 
114 60 114 62 114 63 114 64 114 65 
114 66 114 67 114 70 114 72 114 74 
114 75 114 77 114 78 114 79 114 81 
114 82 114 84 114 85 114 87 114 90 
114 92 114 95 114 97 114 98 114 99 
114 102 114 103 114 104 114 105 114 108 
114 110 114 111 114 116 114 117 114 119 
114 120 114 122 114 124 114 125 114 126 
114 128 114 129 114 131 114 136 114 137 
114 138 114 141 114 144 114 146 114 147 
114 149 115 1 115 4 115 6 115 7 
115 8 115 10 115 12 115 13 115 15 
115 16 115 18 115 19 115 20 115 21 
115 24 115 25 115 26 115 27 115 35 
115 38 115 39 115 41 115 42 115 44 
115 45 115 46 115 49 115 51 115 52 
115 53 115 54 115 55 115 56 115 63 
115 65 115 67 115 68 115 70 115 71 
115 72 115 73 115 75 115 76 115 78 
115 79 115 80 115 83 115 84 115 85 
115 88 115 89 115 93 115 94 115 96 
115 98 115 100 115 106 115 107 115 109 
115 112 115 118 115 119 115 121 115 122 
115 123 115 124 115 127 115 131 115 132 
115 133 115 136 115 139 115 141 115 142 
115 143 115 145 115 148 115 150 116 1 
116 2 116 3 116 5 116 9 116 12 
116 14 116 15 116 17 116 18 116 19 
116 21 116 23 116 24 116 25 116 26 
116 28 116 29 116 30 116 33 116 34 
116 36 116 39 116 40 116 44 116 45 
116 48 116 50 116 51 116 53 116 55 
116 57 116 58 116 59 116 60 116 62 
116 63 116 65 116 68 116 69 116 75 
116 77 116 79 116 80 116 81 116 82 
116 87 116 88 116 90 116 91 116 92 
116 93 116 95 116 96 116 97 116 98 
116 99 116 100 116 103 116 107 116 108 
116 111 116 114 116 115 116 116 116 117 
116 118 116 119 116 121 116 123 116 124 
116 126 116 127 116 128 116 130 116 131 
116 132 116 133 116 134 116 135 116 136 
116 138 116 139 116 141 116 144 116 147 
116 148 117 1 117 2 117 3 117 4 
117 5 117 6 117 10 117 12 117 14 
117 15 117 16 117 17 117 19 117 20 
117 24 117 26 117 29 117 31 117 32 
117 35 117 36 117 38 117 39 117 43 
117 46 117 49 117 50 117 51 117 52 
117 55 117 59 117 61 117 63 117 64 
117 65 117 66 117 68 117 69 117 70 
117 76 117 77 117 78 117 79 117 80 
117 87 117 88 117 90 117 93 117 94 
117 99 117 100 117 102 117 103 117 104 
117 105 117 107 117 108 117 109 117 110 
117 112 117 113 117 115 117 118 117 120 
117 128 117 129 117 130 117 134 117 137 
117 142 117 143 117 146 117 148 117 149 
117 150 118 1 118 4 118 6 118 7 
118 8 118 9 118 13 118 22 118 23 
118 25 118 27 118 32 118 34 118 35 
118 37 118 40 118 45 118 46 118 49 
118 51 118 54 118 55 118 60 118 61 
118 62 118 64 118 65 118 68 118 70 
118 72 118 75 118 76 118 80 118 81 
118 82 118 83 118 86 118 87 118 88 
118 89 118 91 118 92 118 93 118 94 
118 95 118 97 118 99 118 101 118 104 
118 105 118 107 118 111 118 112 118 113 
118 115 118 119 118 120 118 122 118 125 
118 126 118 127 118 128 118 136 118 137 
118 138 118 139 118 142 118 145 118 146 
118 147 118 148 118 150 119 1 119 3 
119 5 119 7 119 8 119 10 119 13 
119 14 119 15 119 16 119 17 119 18 
119 20 119 22 119 27 119 28 119 30 
119 32 119 35 119 38 119 39 119 40 
119 42 119 45 119 47 119 50 119 51 
119 52 119 54 119 55 119 56 119 58 
119 60 119 61 119 62 119 63 119 64 
119 65 119 66 119 69 119 70 119 72 
119 73 119 74 119 76 119 79 119 81 
119 84 119 86 119 87 119 90 119 91 
119 97 119 100 119 102 119 104 119 108 
119 110 119 113 119 115 119 117 119 122 
119 124 119 127 119 130 119 133 119 134 
119 135 119 139 119 140 119 142 119 143 
119 144 119 145 119 147 119 148 119 149 
120 1 120 2 120 3 120 4 120 5 
120 6 120 7 120 8 120 12 120 13 
120 14 120 20 120 23 120 25 120 27 
120 29 120 30 120 34 120 36 120 37 
120 38 120 39 120 42 120 43 120 44 
120 46 120 49 120 53 120 54 120 55 
120 57 120 59 120 60 120 61 120 62 
120 63 120 65 120 67 120 68 120 70 
120 71 120 73 120 75 120 76 120 77 
120 81 120 86 120 90 120 92 120 93 
120 95 120 97 120 98 120 99 120 100 
120 103 120 104 120 105 120 108 120 111 
120 115 120 117 120 118 120 119 120 120 
120 121 120 123 120 124 120 126 120 127 
120 131 120 132 120 133 120 135 120 137 
120 141 120 143 120 146 120 148 121 2 
121 5 121 6 121 13 121 14 121 16 
121 17 121 18 121 19 121 20 121 21 
121 22 121 24 121 26 121 30 121 32 
121 33 121 34 121 35 121 39 121 44 
121 51 121 52 121 53 121 56 121 57 
121 58 121 60 121 61 121 66 121 67 
121 68 121 69 121 71 121 73 121 74 
121 81 121 82 121 84 121 85 121 87 
121 89 121 90 121 94 121 98 121 101 
121 103 121 104 121 106 121 107 121 111 
121 112 121 113 121 115 121 118 121 119 
121 120 121 122 121 123 121 128 121 129 
121 130 121 138 121 139 121 141 121 144 
121 146 121 148 121 149 121 150 122 3 
122 6 122 7 122 8 122 9 122 10 
122 14 122 15 122 17 122 19 122 22 
122 23 122 24 122 26 122 29 122 30 
122 33 122 35 122 41 122 42 122 49 
122 53 122 54 122 55 122 56 122 58 
122 60 122 62 122 63 122 68 122 71 
122 72 122 77 122 78 122 81 122 84 
122 86 122 88 122 89 122 91 122 92 
122 93 122 95 122 96 122 97 122 98 
122 99 122 100 122 101 122 105 122 109 
122 111 122 114 122 115 122 116 122 118 
122 120 122 121 122 122 122 123 122 125 
122 126 122 127 122 128 122 129 122 131 
122 134 122 136 122 137 122 138 122 139 
122 140 122 145 122 146 122 149 123 1 
123 4 123 5 123 7 123 8 123 11 
123 14 123 17 123 18 123 19 123 22 
123 23 123 26 123 27 123 30 123 31 
123 33 123 35 123 36 123 38 123 39 
123 42 123 43 123 45 123 46 123 49 
123 51 123 52 123 56 123 57 123 58 
123 60 123 61 123 63 123 65 123 70 
123 71 123 72 123 75 123 77 123 80 
123 83 123 84 123 87 123 92 123 93 
123 94 123 95 123 96 123 97 123 99 
123 100 123 104 123 105 123 106 123 108 
123 110 123 113 123 114 123 115 123 116 
123 118 123 119 123 120 123 125 123 126 
123 127 123 129 123 131 123 133 123 136 
123 137 123 145 123 146 123 147 124 1 
124 4 124 5 124 15 124 17 124 20 
124 21 124 24 124 25 124 27 124 29 
124 30 124 32 124 34 124 36 124 39 
124 41 124 42 124 43 124 45 124 46 
124 47 124 50 124 51 124 55 124 58 
124 59 124 61 124 62 124 63 124 64 
124 65 124 66 124 69 124 71 124 72 
124 73 124 76 124 78 124 80 124 81 
124 82 124 83 124 84 124 85 124 86 
124 88 124 89 124 91 124 92 124 93 
124 94 124 97 124 98 124 99 124 102 
124 107 124 109 124 110 124 112 124 116 
124 120 124 124 124 125 124 126 124 128 
124 129 124 133 124 134 124 136 124 139 
124 140 124 141 124 143 124 144 124 146 
125 1 125 3 125 5 125 6 125 9 
125 12 125 13 125 19 125 20 125 21 
125 22 125 26 125 28 125 29 125 31 
125 33 125 34 125 35 125 36 125 38 
125 39 125 40 125 41 125 43 125 45 
125 46 125 47 125 48 125 49 125 51 
125 55 125 56 125 60 125 61 125 63 
125 65 125 66 125 68 125 70 125 71 
125 72 125 73 125 74 125 76 125 77 
125 80 125 81 125 82 125 85 125 93 
125 95 125 96 125 100 125 102 125 104 
125 107 125 108 125 109 125 110 125 111 
125 113 125 114 125 118 125 119 125 120 
125 124 125 134 125 135 125 137 125 138 
125 147 125 148 125 149 125 150 126 1 
126 2 126 6 126 12 126 13 126 14 
126 15 126 16 126 18 126 20 126 22 
126 23 126 29 126 30 126 31 126 36 
126 37 126 38 126 39 126 40 126 41 
126 43 126 44 126 45 126 46 126 48 
126 49 126 51 126 54 126 62 126 63 
126 64 126 68 126 71 126 72 126 73 
126 74 126 75 126 76 126 79 126 81 
126 84 126 85 126 86 126 89 126 90 
126 91 126 92 126 97 126 98 126 101 
126 103 126 104 126 105 126 107 126 111 
126 114 126 115 126 116 126 120 126 121 
126 123 126 124 126 125 126 126 126 130 
126 135 126 136 126 137 126 138 126 139 
126 141 126 144 126 148 126 150 127 2 
127 5 127 6 127 8 127 9 127 12 
127 14 127 16 127 17 127 19 127 20 
127 23 127 25 127 26 127 27 127 28 
127 29 127 32 127 35 127 38 127 40 
127 41 127 43 127 47 127 50 127 52 
127 53 127 56 127 57 127 63 127 65 
127 70 127 71 127 75 127 79 127 81 
127 92 127 93 127 96 127 98 127 99 
127 100 127 101 127 102 127 103 127 110 
127 111 127 114 127 116 127 119 127 121 
127 122 127 123 127 124 127 125 127 127 
127 128 127 130 127 131 127 132 127 134 
127 135 127 137 127 139 127 143 127 144 
127 145 127 146 127 147 127 148 128 1 
128 4 128 5 128 7 128 10 128 12 
128 13 128 14 128 16 128 17 128 19 
128 20 128 21 128 23 128 24 128 25 
128 26 128 27 128 30 128 32 128 34 
128 44 128 45 128 46 128 47 128 48 
128 49 128 52 128 54 128 58 128 60 
128 61 128 64 128 66 128 68 128 69 
128 73 128 74 128 81 128 82 128 83 
128 87 128 88 128 89 128 93 128 94 
128 96 128 98 128 99 128 103 128 105 
128 106 128 107 128 108 128 109 128 110 
128 115 128 116 128 117 128 118 128 119 
128 122 128 123 128 125 128 127 128 129 
128 130 128 131 128 132 128 133 128 134 
128 137 128 141 128 142 128 144 128 145 
128 146 128 147 128 150 129 1 129 2 
129 3 129 4 129 6 129 7 129 9 
129 15 129 19 129 20 129 21 129 22 
129 24 129 26 129 29 129 30 129 31 
129 33 129 34 129 36 129 38 129 39 
129 42 129 43 129 46 129 47 129 48 
129 53 129 55 129 56 129 59 129 61 
129 67 129 69 129 72 129 73 129 74 
129 77 129 79 129 82 129 84 129 85 
129 86 129 92 129 98 129 99 129 100 
129 101 129 102 129 108 129 109 129 110 
129 111 129 114 129 115 129 116 129 117 
129 118 129 119 129 120 129 122 129 125 
129 126 129 128 129 130 129 131 129 132 
129 135 129 138 129 139 129 140 129 141 
129 142 129 144 129 148 129 149 130 1 
130 2 130 6 130 7 130 8 130 11 
130 13 130 15 130 20 130 21 130 22 
130 29 130 32 130 34 130 35 130 37 
130 40 130 43 130 45 130 46 130 53 
130 54 130 55 130 57 130 60 130 62 
130 68 130 70 130 72 130 74 130 75 
130 78 130 79 130 81 130 82 130 83 
130 84 130 85 130 88 130 89 130 92 
130 95 130 98 130 103 130 104 130 106 
130 108 130 110 130 111 130 113 130 119 
130 120 130 121 130 122 130 126 130 127 
130 128 130 130 130 131 130 132 130 135 
130 136 130 138 130 140 130 141 130 143 
130 148 131 1 131 6 131 7 131 9 
131 10 131 12 131 13 131 15 131 18 
131 20 131 22 131 24 131 25 131 29 
131 31 131 32 131 33 131 37 131 41 
131 42 131 43 131 44 131 45 131 46 
131 48 131 49 131 54 131 55 131 56 
131 58 131 60 131 61 131 62 131 66 
131 67 131 70 131 72 131 74 131 75 
131 78 131 79 131 80 131 81 131 82 
131 84 131 85 131 86 131 91 131 93 
131 95 131 98 131 99 131 104 131 105 
131 107 131 108 131 109 131 112 131 113 
131 116 131 118 131 120 131 122 131 123 
131 124 131 127 131 128 131 129 131 130 
131 131 131 132 131 133 131 134 131 135 
131 137 131 138 131 139 131 140 131 142 
131 145 131 147 131 148 131 149 131 150 
132 2 132 3 132 4 132 6 132 7 
132 8 132 11 132 12 132 13 132 14 
132 15 132 18 132 21 132 22 132 23 
132 24 132 25 132 26 132 28 132 30 
132 31 132 32 132 34 132 35 132 40 
132 42 132 43 132 44 132 45 132 47 
132 48 132 49 132 57 132 58 132 60 
132 61 132 64 132 67 132 70 132 71 
132 75 132 76 132 83 132 86 132 87 
132 88 132 89 132 95 132 96 132 98 
132 100 132 101 132 104 132 107 132 108 
132 109 132 110 132 111 132 113 132 114 
132 115 132 116 132 118 132 120 132 121 
132 122 132 123 132 127 132 130 132 132 
132 135 132 136 132 139 132 140 132 144 
132 145 133 1 133 2 133 3 133 5 
133 6 133 7 133 9 133 11 133 12 
133 18 133 22 133 23 133 25 133 27 
133 29 133 30 133 32 133 37 133 39 
133 40 133 41 133 42 133 45 133 46 
133 51 133 55 133 61 133 62 133 63 
133 65 133 67 133 68 133 69 133 70 
133 71 133 73 133 74 133 75 133 77 
133 79 133 80 133 84 133 85 133 89 
133 90 133 91 133 92 133 93 133 95 
133 96 133 102 133 103 133 104 133 105 
133 109 133 112 133 113 133 115 133 117 
133 118 133 120 133 122 133 123 133 125 
133 128 133 129 133 131 133 133 133 134 
133 135 133 136 133 137 133 140 133 141 
133 144 133 145 133 148 133 149 133 150 
134 1 134 3 134 4 134 5 134 8 
134 9 134 10 134 14 134 16 134 19 
134 20 134 21 134 25 134 26 134 27 
134 30 134 38 134 40 134 42 134 48 
134 50 134 53 134 55 134 57 134 59 
134 61 134 62 134 67 134 69 134 73 
134 77 134 78 134 80 134 83 134 84 
134 85 134 88 134 89 134 90 134 93 
134 96 134 97 134 99 134 103 134 105 
134 109 134 110 134 112 134 115 134 116 
134 117 134 118 134 121 134 122 134 123 
134 125 134 126 134 127 134 128 134 129 
134 130 134 131 134 133 134 135 134 136 
134 141 134 143 134 149 134 150 135 1 
135 2 135 3 135 4 135 7 135 9 
135 12 135 15 135 16 135 17 135 18 
135 19 135 23 135 24 135 27 135 28 
135 29 135 30 135 32 135 34 135 36 
135 38 135 39 135 40 135 41 135 42 
135 43 135 44 135 49 135 50 135 52 
135 53 135 54 135 56 135 57 135 58 
135 59 135 63 135 69 135 70 135 72 
135 73 135 75 135 76 135 77 135 82 
135 83 135 85 135 86 135 88 135 90 
135 92 135 93 135 96 135 97 135 102 
135 103 135 106 135 107 135 112 135 113 
135 114 135 115 135 116 135 118 135 119 
135 123 135 124 135 126 135 127 135 128 
135 130 135 135 135 136 135 137 135 140 
135 146 135 148 135 149 136 2 136 5 
136 10 136 12 136 15 136 17 136 18 
136 20 136 21 136 22 136 24 136 25 
136 26 136 28 136 31 136 33 136 34 
136 35 136 36 136 37 136 38 136 39 
136 40 136 41 136 45 136 46 136 48 
136 50 136 53 136 54 136 56 136 57 
136 58 136 62 136 64 136 65 136 68 
136 71 136 72 136 73 136 74 136 77 
136 81 136 84 136 85 136 86 136 88 
136 92 136 93 136 95 136 98 136 99 
136 101 136 103 136 105 136 106 136 110 
136 111 136 113 136 114 136 116 136 121 
136 123 136 125 136 130 136 132 136 133 
136 137 136 139 136 141 136 142 136 144 
136 145 136 146 137 4 137 5 137 10 
137 12 137 15 137 16 137 18 137 19 
137 20 137 22 137 27 137 29 137 31 
137 32 137 34 137 35 137 37 137 38 
137 40 137 50 137 52 137 53 137 55 
137 56 137 57 137 58 137 59 137 60 
137 61 137 62 137 67 137 68 137 70 
137 71 137 74 137 76 137 80 137 81 
137 82 137 84 137 85 137 86 137 87 
137 89 137 91 137 92 137 94 137 95 
137 99 137 105 137 107 137 108 137 109 
137 111 137 112 137 113 137 115 137 117 
137 119 137 121 137 122 137 124 137 130 
137 132 137 138 137 139 137 143 137 144 
137 148 137 149 137 150 138 1 138 5 
138 10 138 11 138 14 138 15 138 16 
138 17 138 22 138 23 138 24 138 25 
138 27 138 29 138 30 138 33 138 34 
138 35 138 36 138 38 138 40 138 41 
138 42 138 44 138 45 138 47 138 48 
138 49 138 50 138 51 138 52 138 53 
138 54 138 55 138 58 138 63 138 65 
138 69 138 70 138 71 138 72 138 73 
138 77 138 80 138 81 138 83 138 84 
138 85 138 86 138 87 138 88 138 90 
138 91 138 94 138 96 138 97 138 98 
138 102 138 104 138 105 138 107 138 108 
138 110 138 112 138 113 138 115 138 118 
138 119 138 120 138 121 138 122 138 126 
138 127 138 128 138 129 138 130 138 132 
138 136 138 139 138 141 138 143 138 144 
138 145 138 148 138 150 139 1 139 3 
139 8 139 9 139 11 139 15 139 17 
139 18 139 21 139 22 139 24 139 25 
139 26 139 28 139 30 139 31 139 32 
139 36 139 37 139 41 139 45 139 47 
139 49 139 50 139 51 139 54 139 55 
139 56 139 58 139 63 139 64 139 65 
139 66 139 67 139 70 139 72 139 74 
139 75 139 77 139 78 139 79 139 80 
139 81 139 82 139 83 139 90 139 91 
139 92 139 93 139 97 139 98 139 99 
139 102 139 104 139 105 139 106 139 107 
139 108 139 109 139 110 139 116 139 118 
139 120 139 121 139 122 139 124 139 125 
139 126 139 129 139 134 139 135 139 136 
139 142 139 145 139 146 139 147 139 148 
139 149 139 150 140 1 140 2 140 3 
140 7 140 8 140 9 140 11 140 12 
140 14 140 19 140 21 140 25 140 29 
140 30 140 33 140 34 140 36 140 40 
140 41 140 42 140 43 140 49 140 51 
140 54 140 55 140 57 140 58 140 62 
140 63 140 69 140 72 140 80 140 83 
140 85 140 86 140 90 140 92 140 96 
140 98 140 102 140 103 140 104 140 105 
140 107 140 114 140 115 140 117 140 118 
140 122 140 124 140 126 140 128 140 130 
140 131 140 132 140 134 140 136 140 137 
140 141 140 145 140 150 141 3 141 8 
141 10 141 11 141 14 141 18 141 20 
141 24 141 25 141 26 141 27 141 29 
141 33 141 35 141 36 141 37 141 40 
141 41 141 44 141 45 141 47 141 48 
141 50 141 52 141 54 141 55 141 59 
141 63 141 64 141 65 141 68 141 70 
141 71 141 73 141 75 141 76 141 79 
141 81 141 82 141 84 141 87 141 90 
141 91 141 92 141 96 141 100 141 102 
141 103 141 104 141 105 141 108 141 113 
141 114 141 116 141 118 141 119 141 121 
141 123 141 124 141 126 141 128 141 129 
141 133 141 134 141 135 141 144 141 146 
141 149 141 150 142 2 142 3 142 4 
142 6 142 8 142 9 142 10 142 11 
142 12 142 13 142 15 142 16 142 17 
142 21 142 22 142 24 142 26 142 27 
142 28 142 31 142 35 142 37 142 38 
142 40 142 41 142 43 142 44 142 45 
142 49 142 51 142 53 142 54 142 55 
142 57 142 58 142 59 142 61 142 62 
142 68 142 70 142 71 142 72 142 75 
142 76 142 80 142 82 142 85 142 88 
142 89 142 94 142 96 142 99 142 101 
142 105 142 106 142 107 142 109 142 110 
142 111 142 116 142 117 142 118 142 119 
142 123 142 124 142 125 142 126 142 128 
142 131 142 132 142 134 142 136 142 137 
142 139 142 142 142 143 142 144 142 145 
142 147 142 148 143 1 143 2 143 4 
143 5 143 6 143 8 143 9 143 11 
143 12 143 14 143 15 143 21 143 22 
143 23 143 24 143 26 143 30 143 33 
143 39 143 40 143 41 143 43 143 47 
143 48 143 53 143 54 143 55 143 58 
143 59 143 60 143 63 143 64 143 65 
143 68 143 69 143 70 143 71 143 72 
143 74 143 79 143 80 143 82 143 83 
143 84 143 89 143 90 143 98 143 100 
143 101 143 102 143 109 143 110 143 111 
143 113 143 114 143 115 143 116 143 117 
143 118 143 121 143 124 143 126 143 127 
143 129 143 130 143 131 143 132 143 136 
143 138 143 140 143 141 143 142 143 143 
143 144 143 146 143 147 143 149 144 5 
144 6 144 8 144 10 144 12 144 15 
144 16 144 17 144 18 144 20 144 21 
144 23 144 26 144 27 144 28 144 32 
144 34 144 35 144 36 144 38 144 39 
144 43 144 44 144 45 144 46 144 49 
144 50 144 52 144 53 144 54 144 58 
144 59 144 60 144 63 144 65 144 66 
144 67 144 68 144 69 144 72 144 74 
144 75 144 80 144 81 144 82 144 83 
144 84 144 86 144 89 144 91 144 92 
144 93 144 96 144 97 144 98 144 102 
144 105 144 106 144 107 144 108 144 114 
144 115 144 116 144 117 144 119 144 122 
144 123 144 124 144 131 144 135 144 137 
144 141 144 142 144 144 144 145 144 147 
145 2 145 3 145 4 145 7 145 10 
145 11 145 12 145 13 145 14 145 15 
145 18 145 20 145 23 145 25 145 31 
145 34 145 37 145 44 145 48 145 49 
145 52 145 54 145 56 145 57 145 59 
145 63 145 64 145 66 145 68 145 72 
145 73 145 74 145 77 145 78 145 79 
145 81 145 82 145 83 145 85 145 87 
145 88 145 89 145 90 145 91 145 92 
145 96 145 97 145 98 145 101 145 103 
145 104 145 105 145 106 145 107 145 108 
145 110 145 112 145 113 145 116 145 117 
145 118 145 119 145 120 145 125 145 126 
145 129 145 132 145 133 145 134 145 136 
145 137 145 139 145 142 145 144 145 145 
145 147 145 149 146 3 146 8 146 10 
146 14 146 15 146 16 146 17 146 21 
146 22 146 24 146 25 146 26 146 28 
146 31 146 32 146 34 146 36 146 38 
146 39 146 43 146 46 146 52 146 53 
146 54 146 56 146 57 146 61 146 62 
146 65 146 67 146 68 146 75 146 78 
146 79 146 82 146 84 146 85 146 86 
146 87 146 89 146 90 146 93 146 96 
146 102 146 105 146 108 146 109 146 110 
146 113 146 114 146 115 146 117 146 120 
146 121 146 123 146 124 146 129 146 131 
146 133 146 134 146 138 146 139 146 140 
146 143 146 145 146 147 146 150 147 1 
147 3 147 5 147 9 147 12 147 17 
147 18 147 19 147 21 147 23 147 25 
147 26 147 27 147 28 147 29 147 31 
147 36 147 37 147 39 147 40 147 41 
147 42 147 47 147 48 147 49 147 57 
147 59 147 64 147 66 147 68 147 71 
147 73 147 74 147 78 147 80 147 82 
147 85 147 86 147 88 147 89 147 90 
147 91 147 95 147 98 147 100 147 102 
147 103 147 109 147 110 147 111 147 114 
147 115 147 117 147 119 147 124 147 125 
147 127 147 129 147 134 147 136 147 137 
147 140 147 141 147 142 147 143 147 145 
147 146 147 147 147 148 148 1 148 3 
148 4 148 5 148 6 148 10 148 14 
148 15 148 16 148 17 148 20 148 24 
148 27 148 30 148 31 148 32 148 33 
148 38 148 42 148 43 148 44 148 45 
148 46 148 47 148 48 148 51 148 52 
148 54 148 55 148 60 148 61 148 62 
148 63 148 65 148 66 148 69 148 76 
148 77 148 79 148 80 148 81 148 83 
148 86 148 87 148 90 148 94 148 96 
148 97 148 98 148 101 148 103 148 108 
148 109 148 111 148 112 148 113 148 114 
148 115 148 116 148 118 148 119 148 123 
148 125 148 126 148 130 148 134 148 135 
148 140 148 141 148 142 148 144 148 147 
149 1 149 3 149 6 149 8 149 10 
149 11 149 12 149 13 149 14 149 18 
149 19 149 23 149 25 149 26 149 32 
149 33 149 34 149 35 149 38 149 39 
149 41 149 44 149 45 149 46 149 47 
149 48 149 49 149 50 149 52 149 53 
149 54 149 56 149 58 149 61 149 64 
149 65 149 66 149 68 149 71 149 74 
149 75 149 77 149 80 149 81 149 90 
149 96 149 97 149 99 149 103 149 105 
149 106 149 108 149 111 149 112 149 115 
149 117 149 118 149 119 149 120 149 121 
149 122 149 123 149 124 149 128 149 129 
149 134 149 136 149 137 149 139 149 142 
149 145 149 146 149 147 149 149 149 150 
150 2 150 5 150 6 150 8 150 9 
150 11 150 12 150 14 150 15 150 16 
150 18 150 19 150 20 150 21 150 22 
150 24 150 26 150 27 150 28 150 30 
150 31 150 32 150 33 150 43 150 44 
150 45 150 49 150 51 150 52 150 53 
150 54 150 56 150 58 150 63 150 64 
150 66 150 67 150 68 150 69 150 70 
150 71 150 72 150 75 150 77 150 79 
150 80 150 85 150 87 150 88 150 90 
150 92 150 100 150 102 150 104 150 105 
150 108 150 109 150 111 150 113 150 114 
150 117 150 118 150 122 150 126 150 127 
150 133 150 135 150 137 150 138 150 139 
150 141 150 142 150 143 150 150  0 0
